# H2O system

temperature:            300
extra_states:           8

xc_type:                PBE

ecut_wavefunction:      30

begin upf_file
  ../../pp_ONCV/H_ONCV_PBE-1.2.upf
  ../../pp_ONCV/O_ONCV_PBE-1.2.upf
end upf_file

begin super_cell
1.9730000000000000e+01 1.9730000000000000e+01 1.9730000000000000e+01
end super_cell

atom_types_num:        2

atom_type:              1
begin atom_crystal
 0.171035 0.229254 0.19907
 0.072699 0.120342 0.0825599
 0.126963 0.16231 0.191033
 0.0352915 0.0763503 0.181529
 0.213261 0.141899 0.273778
 0.108186 0.0607579 0.0360853
 0.217063 0.086663 0.0945065
 0.197408 0.182367 0.00534814
 0.270637 0.139417 0.107639
 0.343135 0.109382 0.188451
 0.34983 0.18606 0.203975
 0.309771 0.0884669 0.0295534
 0.384742 0.0685357 0.0432334
 0.373964 0.204215 0.0328331
 0.479577 -0.00180529 0.174543
 0.528739 0.0908387 0.172646
 0.320364 0.00678849 0.289281
 0.602877 0.162628 0.230315
 0.566273 0.128708 0.119151
 0.708935 0.172043 0.0835227
 0.685615 0.0627589 0.0247586
 0.676462 0.180662 0.249684
 0.552093 -0.00155013 0.200305
 0.680626 -0.00311649 0.221588
 0.64079 0.187919 0.0405512
 0.996367 0.147363 0.159923
 0.750865 0.0782127 0.253743
 0.920861 0.231198 0.187941
 0.814862 0.205581 0.0604415
 0.885767 0.20649 0.127601
 0.775619 0.181079 0.190813
 0.165077 0.310639 0.126618
 0.236648 0.326739 0.154385
 0.112656 0.406069 0.0492952
 0.0507595 0.333286 0.136852
 0.0929992 0.330594 0.0430787
 0.158078 0.494965 0.0423965
 0.250598 0.500882 0.134773
 0.270579 0.454612 0.0748408
 0.296724 0.415485 0.203912
 0.341137 0.352055 0.183451
 0.3753 0.410818 0.0466822
 0.347952 0.335467 0.0397425
 0.410466 0.243206 0.0899211
 0.48737 0.292882 0.176955
 0.339361 0.283004 0.278777
 0.484336 0.221521 0.161342
 0.602601 0.325559 0.0322309
 0.540879 0.440547 0.0894322
 0.54401 0.285051 0.0746782
 0.710749 0.407611 1.00187
 0.622492 0.446103 0.0756069
 0.594964 0.432533 0.187073
 0.685834 0.483578 0.00836356
 0.78464 0.251064 0.138415
 0.748964 0.387588 0.101553
 0.834055 0.378889 0.0910253
 0.819789 0.350252 0.201332
 0.99785 0.278093 0.151057
 0.925694 0.462221 0.0612899
 0.982935 0.38502 0.192011
 0.920294 0.404519 0.230163
 0.932772 0.3424 -0.006914
 0.226276 0.516796 0.249103
 0.0304915 0.527199 0.0624776
 0.0477732 0.629625 0.210474
 0.11627 0.66111 0.181198
 0.246312 0.655058 0.161949
 -0.0134378 0.529525 0.12554
 0.0205938 0.681032 0.10767
 0.0237725 0.719009 0.030751
 0.322678 0.633452 0.158796
 0.181352 0.623131 0.268307
 0.187782 0.700043 0.271784
 0.273556 0.612874 0.024719
 0.304548 0.523247 0.221414
 0.41105 0.602407 0.201775
 0.466051 0.712852 0.177503
 0.445824 0.664482 0.115595
 0.529655 0.626905 0.171049
 0.278351 0.725123 0.097785
 0.459633 0.736932 1.00684
 0.572469 0.564048 0.188204
 0.638515 0.674193 0.186512
 0.622056 0.736095 0.139203
 0.706699 0.649545 0.129115
 0.593488 0.629261 0.0804366
 0.709076 0.582282 0.0366818
 0.552938 0.674098 0.0342629
 0.824253 0.500929 0.119498
 0.866296 0.565675 0.123413
 0.761218 0.585163 0.135406
 0.967486 0.72165 0.236364
 0.00207502 0.493798 0.236441
 0.937199 0.660115 0.0265598
 0.105136 0.976525 0.15236
 0.0997939 0.937019 0.0875503
 0.231069 0.891734 0.175503
 0.0277239 0.897435 0.0272467
 0.0729025 0.768436 0.181817
 0.0438265 0.829638 0.219192
 0.228032 0.769124 0.0651859
 0.277812 0.834683 0.142932
 0.366864 0.00355037 0.236136
 0.354705 0.909382 0.18524
 0.426692 0.890692 0.213035
 0.504079 0.789701 0.239338
 0.422577 0.961139 0.0733917
 0.275541 0.920121 0.0734446
 0.511713 0.821797 0.166047
 0.327637 0.793991 0.00310219
 0.485084 0.987615 0.0380618
 0.538852 0.80843 0.0525189
 0.698291 0.882174 0.0999995
 0.590832 0.8497 0.0969397
 0.663101 0.941401 0.141868
 0.673153 0.750623 0.244653
 0.94305 0.801804 0.0960154
 0.882525 0.83553 0.120783
 0.982098 0.890844 0.0903048
 0.959625 0.972282 0.0307717
 0.725971 0.783473 0.0732668
 0.821532 0.93694 0.138814
 0.769689 0.792685 0.146912
 0.879483 0.976291 0.0252309
 0.75446 0.964882 0.0323736
 0.86021 0.789421 0.252391
 0.803189 0.900554 0.0328209
 0.813896 0.893846 0.206144
 0.795275 0.0108139 0.242225
 0.783108 0.790326 0.259161
 0.0974197 1.00419 0.254429
 0.124797 0.241041 0.424771
 0.11521 0.0942856 0.395281
 0.0788142 0.173205 0.275004
 0.0556103 0.187674 0.347112
 0.0429582 0.193812 0.49034
 0.171052 0.0585264 0.441957
 0.189926 0.0228964 0.319405
 0.220178 0.184488 0.370666
 0.222516 0.265738 0.384161
 0.280101 0.112474 0.300436
 0.370346 0.156133 0.411949
 0.457724 0.0442528 0.426899
 0.319358 0.215552 0.425293
 0.395767 0.0749855 0.321916
 0.466542 0.114008 0.346945
 0.709474 0.109057 0.389858
 0.585505 0.180704 0.337069
 0.553023 0.191542 0.414173
 0.678918 0.164141 0.435453
 0.705596 -0.0055554 0.420575
 0.584933 0.99279 0.452449
 0.592898 0.187571 0.531089
 0.740519 0.0184303 0.352742
 0.780571 0.182662 0.276062
 0.996643 0.069769 0.332476
 0.7901 0.187284 0.370745
 0.955152 0.218522 0.28959
 0.884718 0.229745 0.321059
 0.852087 0.1936 0.422239
 0.825548 0.0400031 0.430782
 0.900044 0.0593418 0.408629
 0.96872 0.181093 0.5076
 0.0499498 0.396571 0.414416
 0.0554294 0.287504 0.432092
 0.12619 0.374977 0.398838
 0.228537 0.332992 0.281453
 0.407938 0.408184 0.269836
 0.20711 0.391005 0.321341
 0.487891 0.254986 0.365433
 0.256077 0.360046 0.478806
 0.386619 0.240175 0.316959
 0.407919 0.467813 0.361912
 0.467596 0.316173 0.314448
 0.29545 0.461554 0.404359
 0.439538 0.318655 0.438682
 0.326843 0.326796 0.478831
 0.274841 0.475792 0.477284
 0.487669 0.40055 0.251605
 0.521562 0.465422 0.414174
 0.672375 0.272826 0.28644
 0.614232 0.389224 0.250026
 0.729661 0.326028 0.278524
 0.614854 0.41424 0.470768
 0.685529 0.323737 0.460257
 0.648641 0.311735 0.397568
 0.631684 0.486171 0.436791
 0.607934 0.245038 0.485838
 0.754904 0.463483 0.326037
 0.80887 0.405233 0.301595
 0.85347 0.306132 0.259138
 0.789506 0.264728 0.491386
 0.830618 0.415563 0.414263
 0.929448 0.36013 0.417391
 0.955486 0.303179 0.369786
 0.870936 0.436733 0.483568
 0.7947 0.344092 0.496466
 0.0997977 0.52763 0.293477
 0.148535 0.542869 0.361663
 0.182098 0.535835 0.458965
 0.203096 0.715542 0.392005
 0.240652 0.705098 0.465031
 0.188761 0.61152 0.469406
 0.0713458 0.74613 0.373721
 0.3622 0.51001 0.320003
 0.362572 0.607251 0.270129
 0.378198 0.610545 0.401463
 0.311408 0.646184 0.383574
 0.464027 0.547028 0.468244
 0.54709 0.722653 0.489138
 0.560824 0.64224 0.332468
 0.652548 0.48502 0.295654
 0.643509 0.549362 0.332294
 0.610332 0.625287 0.39498
 0.513736 0.530706 0.373593
 0.685815 0.627814 0.486833
 0.683917 0.733911 0.376443
 0.681293 0.733959 0.45789
 0.632741 0.597719 0.534343
 0.974912 0.557379 0.26599
 0.940985 0.60897 0.403871
 0.981289 0.672909 0.421869
 0.857467 0.55212 0.239703
 0.858148 0.50145 0.300338
 0.965508 0.742648 0.312482
 0.825765 0.61619 0.316485
 0.816407 0.715613 0.394096
 0.749674 0.612664 0.337248
 0.193866 0.946518 0.33006
 0.0969317 0.970051 0.442834
 0.114868 0.773901 0.290024
 0.157868 0.891101 0.428205
 0.162985 0.801446 0.340004
 0.0526194 0.925485 0.487778
 0.0222956 0.984472 0.245869
 0.23605 0.887873 0.439352
 0.430133 0.0367541 0.588542
 0.385406 0.763904 0.36687
 0.427931 0.937563 0.321111
 0.470736 0.964629 0.433322
 0.429019 0.871676 0.364777
 0.483111 0.761446 0.468809
 0.519218 0.753951 0.361639
 0.36091 0.953753 0.501249
 0.358293 0.819869 0.420712
 0.638263 0.943302 0.262237
 0.580826 0.729266 0.329281
 0.645512 0.805238 0.289534
 0.617208 0.91744 0.480107
 0.558807 0.895343 0.325934
 0.619632 0.915763 0.366141
 1.01722 1.01553 0.384958
 1.00775 0.781327 0.413507
 0.921484 0.917309 0.219491
 0.965706 0.897498 0.282932
 0.884394 0.808609 0.400906
 0.934027 0.871178 0.411975
 0.779105 0.763747 0.442926
 0.124039 0.140545 0.694056
 -0.00659531 0.0611948 0.541801
 0.174045 0.0899393 0.665796
 0.0560315 0.162483 0.618675
 0.22058 0.192833 0.642604
 0.0616944 0.22004 0.667083
 0.211609 0.993232 0.634992
 0.208247 0.0385645 0.571705
 0.36251 0.0448705 0.560292
 0.417251 0.185148 0.54193
 0.308824 0.133508 0.510653
 0.377527 0.170388 0.774836
 0.290281 0.19644 0.669031
 0.285623 0.135255 0.582223
 0.374384 0.0350695 0.677587
 0.357888 0.0874948 0.745526
 0.455736 0.177464 0.662318
 0.479497 0.146452 0.560345
 0.705799 0.209774 0.592648
 0.685541 0.092296 0.597911
 0.580863 0.056837 0.568753
 0.672348 0.0494003 0.663301
 0.846731 0.128713 0.503313
 0.864991 0.193231 0.55226
 0.951116 0.172045 0.644645
 0.892957 0.123832 0.652787
 0.751907 0.161065 0.550944
 0.85401 0.253209 0.667789
 0.941176 0.00212085 0.524336
 0.907906 0.053971 0.70368
 0.196775 0.24945 0.533508
 0.0900166 0.410499 0.525891
 0.1212 0.275903 0.529286
 0.0797035 0.34315 0.637833
 0.275073 0.328219 0.582703
 0.240342 0.398442 0.601041
 0.11934 0.316791 0.69862
 0.999361 0.342821 0.700699
 0.130234 0.44319 0.593506
 0.474 0.320866 0.505459
 0.479031 0.22469 0.717876
 0.348755 0.404383 0.619094
 0.41062 0.414364 0.575996
 0.437638 0.35577 0.695549
 0.441527 0.487187 0.680558
 0.329801 0.488196 0.564634
 0.710372 0.29228 0.667063
 0.73482 0.321622 0.601049
 0.60855 0.344023 0.645166
 0.516075 0.348407 0.704369
 0.610429 0.40191 0.698601
 0.573416 0.452072 0.609774
 0.706491 0.471978 0.70319
 0.706992 0.317727 0.818426
 0.705535 0.415166 0.753971
 0.611484 0.483018 0.80012
 0.0121013 0.454447 0.605414
 0.937232 0.388078 0.682399
 0.871706 0.308266 0.715502
 0.757752 0.29022 0.765493
 0.162247 0.50514 0.67752
 0.240033 0.684432 0.599057
 0.0503349 0.696382 0.580292
 0.0739115 0.556027 0.716275
 0.175744 0.723235 0.577973
 0.179595 0.529666 0.600399
 0.406344 0.57303 0.512841
 0.277702 0.603894 0.68187
 0.302226 0.560488 0.578084
 0.51002 0.519545 0.645741
 0.332439 0.632718 0.637509
 0.45737 0.659667 0.603118
 0.45341 0.641077 0.682545
 0.514501 0.632227 0.551195
 0.587545 0.488005 0.548623
 0.742539 0.531028 0.571693
 0.574951 0.659747 0.597372
 0.659588 0.624448 0.683664
 0.551342 0.625459 0.734563
 0.612649 0.570013 0.650622
 0.790013 0.732759 0.669493
 0.781007 0.632516 0.730928
 0.772812 0.59563 0.659348
 0.53845 0.498887 0.768399
 0.813977 0.515082 0.585071
 0.921605 0.49533 0.565234
 0.984684 0.502496 0.659187
 1.00655 0.61341 0.538175
 0.0133185 0.595685 0.619647
 0.91179 0.546162 0.504501
 1.00183 0.598963 0.736258
 0.925292 0.718143 0.559718
 0.948187 0.710983 0.782665
 0.115219 0.831046 0.566875
 0.0257451 0.931752 0.656342
 0.0645462 0.756741 0.630344
 0.151718 0.899879 0.581372
 0.0930997 0.967892 0.662518
 0.0592776 0.821734 0.718923
 0.0289464 0.745179 0.722284
 0.00640419 0.805587 0.559188
 0.276148 0.885536 0.643892
 0.247869 0.829114 0.592915
 0.324203 0.891493 0.528266
 0.38931 0.725855 0.664472
 0.289544 0.993779 0.708752
 0.352697 0.797141 0.656509
 0.247324 0.949263 0.748174
 0.571929 0.822837 0.503709
 0.560813 0.973227 0.635365
 0.518655 0.935799 0.692474
 0.513341 0.0435981 0.524113
 0.582121 0.862513 0.573802
 0.630992 0.887283 0.681497
 0.729349 0.766478 0.566244
 0.699405 0.845132 0.684358
 0.694577 0.818698 0.524705
 0.757008 0.965744 0.648058
 0.841766 0.953494 0.487221
 0.927363 0.0293694 0.627158
 0.817733 0.794748 0.629056
 0.841209 0.909291 0.556011
 0.8908 0.784605 0.702667
 0.964552 0.866138 0.540862
 0.882805 0.764888 0.515236
 0.836258 0.974997 0.642623
 0.897226 0.824102 0.770665
 0.119751 0.245551 0.979972
 0.150594 0.0942777 0.789551
 0.0641564 0.139699 0.975626
 0.0666344 0.145795 0.896871
 0.214391 0.109299 0.864098
 0.116587 0.0380517 0.831884
 0.0487721 0.277561 0.960235
 0.225171 0.276837 0.755542
 0.201554 0.205944 0.927362
 0.37423 0.00350924 0.930209
 0.287211 0.12386 0.890077
 0.397611 0.0214616 0.859301
 0.296479 0.165776 0.795456
 0.408134 0.117462 0.937179
 0.456027 0.138686 0.88144
 0.416929 0.257094 0.883733
 0.591198 0.990056 1.01215
 0.519304 0.145916 0.777159
 0.556509 0.0996366 0.830818
 0.614432 0.0110266 0.821005
 0.574576 0.208349 0.887426
 0.682906 0.215409 0.922853
 0.543178 0.97653 0.816158
 0.727971 0.0472185 0.811706
 0.700912 0.0561453 0.948512
 0.549487 0.996815 0.948653
 0.981169 0.136178 0.941944
 0.913453 0.0837603 0.989895
 0.891404 0.160113 0.974004
 0.858506 0.241772 -0.00242129
 0.955414 0.128528 0.781772
 0.952566 0.059031 0.815442
 0.759663 0.164222 0.850896
 0.812302 0.105438 0.867488
 0.753938 0.216308 0.957068
 0.232041 0.320898 0.687038
 0.13352 0.464177 0.973065
 0.120622 0.359503 0.923841
 0.233721 0.41637 0.789599
 0.184191 0.426191 0.851033
 0.0609012 0.401675 0.886721
 0.268745 0.51133 0.871762
 0.16228 0.504555 0.777894
 0.479878 0.481662 0.0107035
 0.435755 0.270187 0.958088
 0.442853 0.517152 0.843937
 0.442339 0.381323 0.795561
 0.435566 0.388389 0.86965
 0.720885 0.323132 0.916331
 0.574321 0.246391 0.962137
 0.493852 0.406123 1.00116
 0.561964 0.348561 0.92441
 0.661434 0.374034 0.905889
 0.548193 0.409148 0.882378
 0.878353 0.448998 0.00439268
 0.803206 0.405711 0.9056
 0.965109 0.383987 0.809984
 0.920214 0.406157 0.869605
 0.932884 0.304471 0.928323
 0.835633 0.482406 0.91154
 0.143343 0.788147 0.979438
 0.115113 0.796506 0.0501065
 0.140511 0.572599 0.964046
 0.182944 0.63702 0.955743
 0.177647 0.575701 0.753511
 0.0532067 0.717287 0.928064
 0.0788872 0.646906 0.923711
 0.216622 0.66552 0.77891
 0.254194 0.599201 0.807165
 0.300135 0.60205 0.949625
 0.358106 0.669073 0.0233113
 0.468956 0.584766 0.828139
 0.335655 0.552396 0.867398
 0.425824 0.626314 0.0131139
 0.474509 0.561573 0.934279
 0.411197 0.694287 0.838258
 0.529567 0.683336 0.780795
 0.674854 0.715713 0.0107676
 0.737113 0.734813 0.961386
 0.538295 0.574703 0.981597
 0.600584 0.584716 0.865892
 0.606546 0.664256 0.861097
 0.67024 0.579759 0.966148
 0.62019 0.757553 0.7621
 0.576316 0.776531 0.824802
 0.992295 0.67159 0.829135
 0.857998 0.644389 0.810219
 0.813471 0.609993 0.857562
 0.777578 0.573175 0.957328
 0.956678 0.643516 0.956707
 0.852789 0.59809 0.952614
 0.792121 0.71194 0.868019
 0.296103 0.962804 0.85413
 0.206051 0.996629 1.00388
 0.0796728 0.945117 0.785972
 0.140699 0.974997 0.962928
 0.130031 0.748308 0.768526
 0.0310847 0.96695 0.8419
 0.177187 0.76901 0.828753
 0.223512 0.976184 0.884174
 0.0550009 0.873973 0.918842
 0.00109521 0.821773 0.950827
 0.222806 0.873222 0.870255
 0.367124 0.801756 0.744485
 0.310065 0.894178 1.00616
 0.403147 0.7703 0.836261
 0.239796 0.808958 0.910464
 0.320089 0.855699 0.780278
 0.361706 0.805094 0.934229
 0.43519 0.981215 0.760489
 0.438538 0.900829 0.762838
 0.719314 0.982796 0.776191
 0.704994 0.8801 0.882543
 0.674513 0.816127 0.963649
 0.691979 0.868731 0.804399
 0.501 0.773147 0.951
 0.65135 0.889352 -0.0144372
 0.584992 0.852278 0.905763
 0.520066 0.888091 0.899219
 0.898614 0.778962 0.974848
 0.824692 0.911852 0.734782
 0.753862 0.782848 0.869848
 0.935575 0.976116 0.91387
 0.904787 0.96109 0.835836
 0.890318 0.769486 0.903945
 0.799132 0.896987 0.813816
end atom_crystal

atom_type:              8
begin atom_crystal
 0.154841 0.188717 0.223379
 0.0401098 0.123168 0.159613
 0.0932748 0.107618 0.0371354
 0.239636 0.124348 0.0743608
 0.347976 0.152302 0.163548
 0.352855 0.0770395 0.00755889
 0.342609 0.0384651 0.259911
 0.508962 0.0185217 0.209764
 0.394915 0.246501 0.0422109
 0.541919 0.135575 0.161092
 0.666911 0.154734 0.0643098
 0.628515 0.190186 0.259488
 0.643956 0.963894 0.21874
 0.693345 0.0275886 0.989533
 0.791464 0.203717 0.129589
 0.759811 0.161165 0.237872
 0.93073 0.214804 0.143387
 0.240872 0.490262 0.0847988
 0.100335 0.366716 0.0770119
 0.203342 0.290614 0.147403
 0.118387 0.495296 0.00947278
 0.260443 0.494938 0.21923
 0.302426 0.36652 0.213145
 0.334489 0.382499 0.0533961
 0.444884 0.37545 0.251025
 0.480586 0.265396 0.136585
 0.571544 0.287891 0.0330382
 0.585946 0.450754 0.111014
 0.69211 0.440814 0.0357204
 0.470422 0.437995 0.032418
 0.795169 0.371069 0.120724
 0.891735 0.433542 0.0482476
 0.0303306 0.308886 0.176047
 0.952357 0.42369 0.197376
 0.0671599 0.665337 0.182731
 0.00564437 0.716587 0.0756317
 0.284575 0.649644 0.132675
 0.193284 0.662669 0.238524
 0.983167 0.531793 0.0765568
 0.017951 0.539528 0.247043
 0.459711 0.665411 0.16131
 0.406373 0.668481 0.033842
 0.575459 0.607745 0.168156
 0.658052 0.713021 0.165959
 0.599085 0.664182 0.0473263
 0.733538 0.616068 0.105023
 0.835917 0.53877 0.146747
 0.940316 0.742332 0.269515
 0.135429 0.956085 0.11778
 0.0128322 0.922463 0.0691768
 0.0873294 0.807945 0.205841
 0.274397 0.883555 0.157816
 0.453906 0.99887 0.0729318
 0.275241 0.76879 0.0772787
 0.47979 0.805841 0.201017
 0.395308 0.92995 0.206321
 0.292679 0.936218 0.0293509
 0.562263 0.810091 0.0940911
 0.666159 0.920067 0.0951616
 0.501248 0.758176 0.994667
 0.922407 -0.00170317 0.00932102
 0.910199 0.83318 0.0809284
 0.753618 0.812791 0.105955
 0.820055 0.804426 0.230074
 0.801168 0.948906 0.0375394
 0.836049 0.937682 0.189654
 0.213461 0.221485 0.402472
 0.0754504 0.239297 0.42494
 0.125615 0.0574779 0.422335
 0.23271 0.112118 0.308653
 0.047502 0.157496 0.309982
 0.182076 0.980366 0.296695
 0.360954 0.195429 0.443151
 0.486103 0.00794077 0.451654
 0.420419 0.0994532 0.360999
 0.697881 0.159294 0.391037
 0.740155 0.0234422 0.399817
 0.544737 0.183894 0.364824
 0.751515 0.0278344 0.257628
 0.978042 0.0296678 0.357061
 0.917557 0.249714 0.289494
 0.838118 0.204927 0.375829
 0.0126117 0.159518 0.514574
 0.203711 0.342377 0.319948
 0.0943949 0.383309 0.436056
 0.348925 0.236399 0.282905
 0.282094 0.316489 0.495812
 0.256869 0.458462 0.435038
 0.364406 0.464882 0.337202
 0.452469 0.290435 0.354658
 0.485441 0.493617 0.395683
 0.588589 0.428517 0.238257
 0.683411 0.317956 0.297549
 0.640505 0.326937 0.443616
 0.592531 0.456925 0.455656
 0.571391 0.215772 0.496338
 0.765701 0.305543 0.507862
 0.816892 0.340681 0.24954
 0.970243 0.339461 0.401316
 0.851344 0.4018 0.456148
 0.799483 0.445494 0.330292
 0.14258 0.548123 0.3104
 0.242422 0.694884 0.416262
 0.154459 0.576001 0.469488
 0.375168 0.578916 0.232015
 0.353331 0.62491 0.364889
 0.449989 0.587106 0.492228
 0.672621 0.511168 0.332619
 0.585556 0.606779 0.356194
 0.667208 0.707537 0.417305
 0.678776 0.587712 0.51443
 0.968911 0.625924 0.439721
 0.0221357 0.739683 0.391707
 0.88014 0.546781 0.282771
 0.789459 0.638616 0.340688
 0.0578548 0.0115225 0.223451
 0.139975 0.761052 0.330855
 0.199366 0.887834 0.402464
 0.0662851 0.930971 0.437906
 0.457153 0.913095 0.351333
 0.397515 0.801362 0.397855
 0.343197 0.911895 0.485335
 0.532558 0.729539 0.320089
 0.53048 0.764647 0.463401
 0.675616 0.767565 0.290018
 0.619504 0.958366 0.447945
 0.607213 0.891629 0.327218
 0.72682 0.782572 0.523202
 0.86876 0.0569263 0.447804
 0.970274 0.907954 0.233902
 0.917764 0.839237 0.381021
 0.823037 0.75059 0.426013
 0.167836 0.122536 0.702765
 0.0397041 0.175342 0.664645
 0.17967 0.0110306 0.600141
 0.287237 0.104085 0.543849
 0.266662 0.205733 0.628236
 0.483167 0.176849 0.703596
 0.439667 0.167751 0.580975
 0.534307 0.0698539 0.5635
 0.703516 0.166139 0.564515
 0.669544 0.048776 0.614826
 0.840577 0.180799 0.510092
 0.901246 0.17101 0.635891
 0.891179 0.0367202 0.661058
 0.97889 0.0136949 0.551676
 0.0731587 0.312047 0.677376
 0.15137 0.243936 0.554336
 0.0905616 0.416597 0.5765
 0.437143 0.341705 0.482459
 0.270876 0.362152 0.617849
 0.390891 0.428533 0.618103
 0.470795 0.332341 0.720149
 0.48167 0.516395 0.686916
 0.693058 0.299811 0.620055
 0.581671 0.382667 0.662206
 0.679908 0.451317 0.73773
 0.713893 0.308351 0.771135
 0.969736 0.472325 0.622317
 0.831845 0.282189 0.70213
 0.954718 0.35144 0.715433
 0.183677 0.489512 0.634346
 0.218228 0.711717 0.56136
 0.0241496 0.566303 0.707206
 0.0657468 0.74402 0.583923
 0.311605 0.526832 0.54141
 0.286408 0.622355 0.635045
 0.429961 0.650463 0.640185
 0.579404 0.498937 0.594672
 0.769387 0.511863 0.60631
 0.549348 0.667896 0.553416
 0.614295 0.61819 0.669608
 0.75929 0.632641 0.686073
 0.778697 0.778987 0.65201
 0.997554 0.629707 0.58515
 0.887771 0.509907 0.531203
 0.0592612 0.943918 0.690331
 0.160026 0.854527 0.562526
 0.0704338 0.773844 0.716859
 0.290794 0.855249 0.606529
 0.388617 0.0160613 0.590734
 0.257376 0.956539 0.70153
 0.361388 0.0414966 0.726139
 0.373809 0.763158 0.685274
 0.555774 0.929426 0.658426
 0.60256 0.852095 0.529985
 0.663206 0.86149 0.710062
 0.010182 0.854995 0.552081
 0.901745 0.761266 0.56283
 0.799395 0.938407 0.64497
 0.866078 0.91632 0.512465
 0.909344 0.783725 0.746671
 0.0349822 0.150714 0.933402
 0.139354 0.0845982 0.838454
 0.251574 0.144011 0.862366
 0.172563 0.19715 0.966625
 0.331988 0.179231 0.761364
 0.367917 0.988644 0.881688
 0.40854 0.144439 0.894996
 0.530978 0.142556 0.826331
 0.691227 0.0225471 0.789316
 0.56855 0.00935916 0.842603
 0.729923 0.231544 0.917655
 0.919425 0.122215 0.957375
 0.82461 0.208828 0.00757638
 0.928914 0.0858757 0.783298
 0.763311 0.114005 0.857393
 0.09157 0.291138 0.978476
 0.20376 0.310288 0.727888
 0.109951 0.403137 0.899809
 0.219015 0.446207 0.824216
 0.444471 0.288002 0.91061
 0.440233 0.418771 0.829748
 0.602484 0.231879 0.922029
 0.711857 0.371359 0.901019
 0.573572 0.39287 0.924683
 0.938069 0.297174 0.97607
 0.84431 0.431522 0.907709
 0.963674 0.391654 0.858652
 0.147142 0.769629 0.025093
 0.146694 0.536094 0.743048
 0.151228 0.608391 0.93085
 0.0369631 0.673159 0.917866
 0.234678 0.620584 0.767251
 0.508085 0.642139 0.76307
 0.434726 0.5637 0.855509
 0.284283 0.556134 0.870607
 0.289636 0.632762 0.984847
 0.563574 0.479703 0.804689
 0.492591 0.565061 0.980442
 0.706292 0.749308 -0.000524758
 0.594365 0.737846 0.800074
 0.601627 0.625281 0.892495
 0.703589 0.556794 0.991804
 0.810215 0.642597 0.821523
 0.91644 0.647207 0.98276
 0.82128 0.562897 0.935342
 0.961868 0.663898 0.792916
 0.788975 0.755429 0.894172
 0.177577 1.00879 0.963404
 0.165075 0.728539 0.799016
 0.0814347 0.960949 0.833676
 0.0404422 0.855079 0.960321
 0.247132 0.953187 0.848121
 0.20263 0.832714 0.886666
 0.420774 0.733267 0.863469
 0.322573 0.819316 0.960218
 0.365609 0.83737 0.778615
 0.464795 0.942043 0.752998
 0.730456 0.867372 0.839817
 0.658541 0.860479 0.947003
 0.55597 0.965804 0.986309
 0.541484 0.847248 0.883815
 0.84261 0.908256 0.782099
 0.944645 0.975453 0.86519
 0.926731 0.777949 0.938121
end atom_crystal

