# carbon nanotube 48 atoms
temperature:        	  300
extra_states:           4

xc_type:                PBE

ecut_wavefunction:      40
eig_maxiter:            5
#pw_solver:              LOBPCG

begin upf_file
  ../../pp_ONCV/C_ONCV_PBE-1.2.upf
end upf_file

begin super_cell_angstrom
   14.697   14.697   8.52
end super_cell_angstrom

atom_types_num:        1

atom_type:             6

begin atom_angstrom
   9.69732219       7.34866109       0.00000000
   9.38266127       8.52299164       3.55000000
   9.38266127       8.52299164       2.13000000
   8.52299164       9.38266127       1.42000000
   8.52299164       9.38266127       0.00000000
   7.34866109       9.69732219       3.55000000
   7.34866109       9.69732219       2.13000000
   6.17433055       9.38266127       1.42000000
   6.17433055       9.38266127       0.00000000
   5.31466092       8.52299164       3.55000000
   5.31466092       8.52299164       2.13000000
   5.00000000       7.34866109       1.42000000
   5.00000000       7.34866109       0.00000000
   5.31466092       6.17433055       3.55000000
   5.31466092       6.17433055       2.13000000
   6.17433055       5.31466092       1.42000000
   6.17433055       5.31466092       0.00000000
   7.34866109       5.00000000       3.55000000
   7.34866109       5.00000000       2.13000000
   8.52299164       5.31466092       1.42000000
   8.52299164       5.31466092       0.00000000
   9.38266127       6.17433055       3.55000000
   9.38266127       6.17433055       2.13000000
   9.69732219       7.34866109       1.42000000
   9.69732219       7.34866109       4.26000000
   9.38266127       8.52299164       7.81000000
   9.38266127       8.52299164       6.39000000
   8.52299164       9.38266127       5.68000000
   8.52299164       9.38266127       4.26000000
   7.34866109       9.69732219       7.81000000
   7.34866109       9.69732219       6.39000000
   6.17433055       9.38266127       5.68000000
   6.17433055       9.38266127       4.26000000
   5.31466092       8.52299164       7.81000000
   5.31466092       8.52299164       6.39000000
   5.00000000       7.34866109       5.68000000
   5.00000000       7.34866109       4.26000000
   5.31466092       6.17433055       7.81000000
   5.31466092       6.17433055       6.39000000
   6.17433055       5.31466092       5.68000000
   6.17433055       5.31466092       4.26000000
   7.34866109       5.00000000       7.81000000
   7.34866109       5.00000000       6.39000000
   8.52299164       5.31466092       5.68000000
   8.52299164       5.31466092       4.26000000
   9.38266127       6.17433055       7.81000000
   9.38266127       6.17433055       6.39000000
   9.69732219       7.34866109       5.68000000
end atom_angstrom
