# test example with 318 atoms
Mixing_Variable:       potential
Mixing_Type:           anderson
#Mixing_Type:           kerker+anderson
Mixing_StepLength:     0.5
Mixing_MaxDim:         10
Output_Hmatrix:        0

Extra_States:          100

Temperature:           3000
SCF_Outer_MaxIter:     300
SCF_Outer_Tolerance:   1e-5
SCF_Inner_MaxIter:     1
SCF_Inner_Tolerance:   1e-5

Eig_MaxIter: 	       10
Eig_Tolerance:         1e-20

SVD_Basis_Tolerance:   1e-20

PeriodTable:           C_ONCV_PBE-1.0.upf
Pseudo_Type:           ONCV
XC_Type:               XC_LDA_XC_TETER93
#XC_Type:               XC_GGA_XC_PBE
#VDW_Type:              DFT-D2

PW_Solver:             LOBPCG

Penalty_Alpha:         20.0

#Num_Proc_DistFFT       256
#Num_Proc_ScaLAPACK:    10 
ScaLAPACK_Block_Size:  32

Ecut_Wavefunction:     20
Density_Grid_Factor:   2.0
LGL_Grid_Factor:       2.0

Calculate_Force_Each_SCF:        0

Output_Density:        0 
Output_Wfn_ExtElem:    0 
Restart_Density:       0 
Restart_Wfn:           0

begin Super_Cell
   35.9048   35.9048   23.0679
end Super_Cell

begin Element_Size
     1           1           4
end Element_Size

ALB_Num: 100

Solution_Method:       diag

# PEXSI variables
#Solution_Method:      pexsi
Num_Pole:              50
Num_Proc_Row_PEXSI:    2
Num_Proc_Col_PEXSI:    5 
Num_Proc_Symb_Fact:    4
Energy_Gap:            0.0
Spectral_Radius:       10.0
Matrix_Ordering:       0
Max_Inertia_Iter:      3
Inertia_Count_Steps:   10
Max_PEXSI_Iter:        3
Mu_Min:               -1.0
Mu_Max:                1.0
Num_Electron_PEXSI_Tolerance:     0.001

#MD variables
MD_Max_Step:           1
MD_Time_Step:          40
Thermostat_Mass:       85000.0
Output_Position:       1
Output_Thermostat:     1

Restart_Position:      0
Restart_Thermostat:    0

Atom_Types_Num:        1

Atom_Type:             6

begin Atom_Red
     0.720839977         0.486600012         0.049989998
     0.657819986         0.619120002         0.049989998
     0.596830010         0.661740005         0.049989998
     0.383150011         0.641910017         0.049989998
     0.299890012         0.521070004         0.049989998
     0.293480009         0.446940005         0.049989998
     0.356500000         0.314420015         0.049989998
     0.417490005         0.271800011         0.049989998
     0.563759983         0.260120004         0.049989998
     0.631169975         0.291630000         0.049989998
     0.714420021         0.412470013         0.049989998
     0.450549990         0.673420012         0.049989998
     0.300319999         0.410200000         0.149979994
     0.332470000         0.343059987         0.149979994
     0.681850016         0.590480030         0.149979994
     0.354750007         0.617609978         0.149979994
     0.452730000         0.259359986         0.149979994
     0.526950002         0.253630012         0.149979994
     0.312680006         0.556200027         0.149979994
     0.487370014         0.679910004         0.149979994
     0.659569979         0.315930009         0.149979994
     0.701640010         0.377339989         0.149979994
     0.713999987         0.523339987         0.149979994
     0.561580002         0.674179971         0.149979994
     0.720839977         0.486600012         0.249970004
     0.657819986         0.619120002         0.249970004
     0.596830010         0.661740005         0.249970004
     0.383150011         0.641910017         0.249970004
     0.299890012         0.521070004         0.249970004
     0.293480009         0.446940005         0.249970004
     0.356500000         0.314420015         0.249970004
     0.417490005         0.271800011         0.249970004
     0.563759983         0.260120004         0.249970004
     0.631169975         0.291630000         0.249970004
     0.714420021         0.412470013         0.249970004
     0.450549990         0.673420012         0.249970004
     0.300319999         0.410200000         0.349959999
     0.332470000         0.343059987         0.349959999
     0.681850016         0.590480030         0.349959999
     0.354750007         0.617609978         0.349959999
     0.452730000         0.259359986         0.349959999
     0.526950002         0.253630012         0.349959999
     0.312680006         0.556200027         0.349959999
     0.487370014         0.679910004         0.349959999
     0.659569979         0.315930009         0.349959999
     0.701640010         0.377339989         0.349959999
     0.713999987         0.523339987         0.349959999
     0.561580002         0.674179971         0.349959999
     0.720839977         0.486600012         0.449950010
     0.657819986         0.619120002         0.449950010
     0.596830010         0.661740005         0.449950010
     0.383150011         0.641910017         0.449950010
     0.299890012         0.521070004         0.449950010
     0.293480009         0.446940005         0.449950010
     0.356500000         0.314420015         0.449950010
     0.417490005         0.271800011         0.449950010
     0.563759983         0.260120004         0.449950010
     0.631169975         0.291630000         0.449950010
     0.714420021         0.412470013         0.449950010
     0.450549990         0.673420012         0.449950010
     0.300319999         0.410200000         0.549939990
     0.332470000         0.343059987         0.549939990
     0.681850016         0.590480030         0.549939990
     0.354750007         0.617609978         0.549939990
     0.452730000         0.259359986         0.549939990
     0.526950002         0.253630012         0.549939990
     0.312680006         0.556200027         0.549939990
     0.487370014         0.679910004         0.549939990
     0.659569979         0.315930009         0.549939990
     0.701640010         0.377339989         0.549939990
     0.713999987         0.523339987         0.549939990
     0.561580002         0.674179971         0.549939990
     0.720839977         0.486600012         0.649930000
     0.657819986         0.619120002         0.649930000
     0.596830010         0.661740005         0.649930000
     0.383150011         0.641910017         0.649930000
     0.299890012         0.521070004         0.649930000
     0.293480009         0.446940005         0.649930000
     0.356500000         0.314420015         0.649930000
     0.417490005         0.271800011         0.649930000
     0.563759983         0.260120004         0.649930000
     0.631169975         0.291630000         0.649930000
     0.714420021         0.412470013         0.649930000
     0.450549990         0.673420012         0.649930000
     0.300319999         0.410200000         0.749920011
     0.332470000         0.343059987         0.749920011
     0.681850016         0.590480030         0.749920011
     0.354750007         0.617609978         0.749920011
     0.452730000         0.259359986         0.749920011
     0.526950002         0.253630012         0.749920011
     0.312680006         0.556200027         0.749920011
     0.487370014         0.679910004         0.749920011
     0.659569979         0.315930009         0.749920011
     0.701640010         0.377339989         0.749920011
     0.713999987         0.523339987         0.749920011
     0.561580002         0.674179971         0.749920011
     0.720839977         0.486600012         0.849910021
     0.657819986         0.619120002         0.849910021
     0.596830010         0.661740005         0.849910021
     0.383150011         0.641910017         0.849910021
     0.299890012         0.521070004         0.849910021
     0.293480009         0.446940005         0.849910021
     0.356500000         0.314420015         0.849910021
     0.417490005         0.271800011         0.849910021
     0.563759983         0.260120004         0.849910021
     0.631169975         0.291630000         0.849910021
     0.714420021         0.412470013         0.849910021
     0.450549990         0.673420012         0.849910021
     0.300319999         0.410200000         0.949899971
     0.332470000         0.343059987         0.949899971
     0.681850016         0.590480030         0.949899971
     0.354750007         0.617609978         0.949899971
     0.452730000         0.259359986         0.949899971
     0.526950002         0.253630012         0.949899971
     0.312680006         0.556200027         0.949899971
     0.487370014         0.679910004         0.949899971
     0.659569979         0.315930009         0.949899971
     0.701640010         0.377339989         0.949899971
     0.713999987         0.523339987         0.949899971
     0.561580002         0.674179971         0.949899971
end Atom_Red
