# Si64
#Ion_Move:              nosehoover1
Ion_Move:              verlet
MD_Time_Step:          20

Ion_Temperature:       300
MD_Extrapolation_Type: xlbomd
MD_Extrapolation_Variable: wavefun
MD_Extrapolation_Wavefunction: xlbomd

MD_SCF_Outer_MaxIter:  99
MD_SCF_Phi_MaxIter:    29

Output_Position:       1
Output_Velocity:       1
#Restart_Velocity:      1

Mixing_Variable:       potential
Mixing_Type:           anderson
#Mixing_Type:           kerker+anderson
Mixing_StepLength:     0.5
Mixing_MaxDim:         5

Extra_States:          0

Temperature:           0
SCF_Outer_MaxIter:     99
SCF_Outer_Tolerance:   1e-4
SCF_Phi_MaxIter:       49
SCF_Phi_Tolerance:     1e-5

Eig_MaxIter: 	         3
Eig_Tolerance:         1e-20

PeriodTable:           HGH_Si.bin
Pseudo_Type:           HGH
XC_Type:               XC_HYB_GGA_XC_HSE06
#Hybrid_Mixing_Type:    nested
Hybrid_Mixing_Type:    pcdiis  
Hybrid_ACE:            1
#Hybrid_DF:             1
Hybrid_DF_Type:        Kmeans

#Hybrid_DF_Num_Mu:      10.0
#Hybrid_DF_Num_GaussianRandom:      2.0
#Hybrid_DF_Tolerance:   1e-20

PW_Solver:             PPCG
PPCG_sbSize:          108
#432 states 
Ecut_Wavefunction:     12.5

begin Super_Cell
   30.7875   30.7875   30.7875
end Super_Cell

Atom_Types_Num:        1

Atom_Type:             14

begin Atom_Red
     0.000000000         0.000000000         0.000000000
     0.000000000         0.166669995         0.166669995
     0.166669995         0.000000000         0.166669995
     0.166669995         0.166669995         0.000000000
     0.250000000         0.083329998         0.250000000
     0.083329998         0.083329998         0.083329998
     0.083329998         0.250000000         0.250000000
     0.250000000         0.250000000         0.083329998
     0.333330005         0.000000000         0.000000000
     0.333330005         0.166669995         0.166669995
     0.500000000         0.000000000         0.166669995
     0.500000000         0.166669995         0.000000000
     0.583329976         0.083329998         0.250000000
     0.416669995         0.083329998         0.083329998
     0.416669995         0.250000000         0.250000000
     0.583329976         0.250000000         0.083329998
     0.666670024         0.000000000         0.000000000
     0.666670024         0.166669995         0.166669995
     0.833329976         0.000000000         0.166669995
     0.833329976         0.166669995         0.000000000
     0.916670024         0.083329998         0.250000000
     0.750000000         0.083329998         0.083329998
     0.750000000         0.250000000         0.250000000
     0.916670024         0.250000000         0.083329998
     0.000000000         0.333330005         0.000000000
     0.000000000         0.500000000         0.166669995
     0.166669995         0.333330005         0.166669995
     0.166669995         0.500000000         0.000000000
     0.250000000         0.416669995         0.250000000
     0.083329998         0.416669995         0.083329998
     0.083329998         0.583329976         0.250000000
     0.250000000         0.583329976         0.083329998
     0.333330005         0.333330005         0.000000000
     0.333330005         0.500000000         0.166669995
     0.500000000         0.333330005         0.166669995
     0.500000000         0.500000000         0.000000000
     0.583329976         0.416669995         0.250000000
     0.416669995         0.416669995         0.083329998
     0.416669995         0.583329976         0.250000000
     0.583329976         0.583329976         0.083329998
     0.666670024         0.333330005         0.000000000
     0.666670024         0.500000000         0.166669995
     0.833329976         0.333330005         0.166669995
     0.833329976         0.500000000         0.000000000
     0.916670024         0.416669995         0.250000000
     0.750000000         0.416669995         0.083329998
     0.750000000         0.583329976         0.250000000
     0.916670024         0.583329976         0.083329998
     0.000000000         0.666670024         0.000000000
     0.000000000         0.833329976         0.166669995
     0.166669995         0.666670024         0.166669995
     0.166669995         0.833329976         0.000000000
     0.250000000         0.750000000         0.250000000
     0.083329998         0.750000000         0.083329998
     0.083329998         0.916670024         0.250000000
     0.250000000         0.916670024         0.083329998
     0.333330005         0.666670024         0.000000000
     0.333330005         0.833329976         0.166669995
     0.500000000         0.666670024         0.166669995
     0.500000000         0.833329976         0.000000000
     0.583329976         0.750000000         0.250000000
     0.416669995         0.750000000         0.083329998
     0.416669995         0.916670024         0.250000000
     0.583329976         0.916670024         0.083329998
     0.666670024         0.666670024         0.000000000
     0.666670024         0.833329976         0.166669995
     0.833329976         0.666670024         0.166669995
     0.833329976         0.833329976         0.000000000
     0.916670024         0.750000000         0.250000000
     0.750000000         0.750000000         0.083329998
     0.750000000         0.916670024         0.250000000
     0.916670024         0.916670024         0.083329998
     0.000000000         0.000000000         0.333330005
     0.000000000         0.166669995         0.500000000
     0.166669995         0.000000000         0.500000000
     0.166669995         0.166669995         0.333330005
     0.250000000         0.083329998         0.583329976
     0.083329998         0.083329998         0.416669995
     0.083329998         0.250000000         0.583329976
     0.250000000         0.250000000         0.416669995
     0.333330005         0.000000000         0.333330005
     0.333330005         0.166669995         0.500000000
     0.500000000         0.000000000         0.500000000
     0.500000000         0.166669995         0.333330005
     0.583329976         0.083329998         0.583329976
     0.416669995         0.083329998         0.416669995
     0.416669995         0.250000000         0.583329976
     0.583329976         0.250000000         0.416669995
     0.666670024         0.000000000         0.333330005
     0.666670024         0.166669995         0.500000000
     0.833329976         0.000000000         0.500000000
     0.833329976         0.166669995         0.333330005
     0.916670024         0.083329998         0.583329976
     0.750000000         0.083329998         0.416669995
     0.750000000         0.250000000         0.583329976
     0.916670024         0.250000000         0.416669995
     0.000000000         0.333330005         0.333330005
     0.000000000         0.500000000         0.500000000
     0.166669995         0.333330005         0.500000000
     0.166669995         0.500000000         0.333330005
     0.250000000         0.416669995         0.583329976
     0.083329998         0.416669995         0.416669995
     0.083329998         0.583329976         0.583329976
     0.250000000         0.583329976         0.416669995
     0.333330005         0.333330005         0.333330005
     0.333330005         0.500000000         0.500000000
     0.500000000         0.333330005         0.500000000
     0.500000000         0.500000000         0.333330005
     0.583329976         0.416669995         0.583329976
     0.416669995         0.416669995         0.416669995
     0.416669995         0.583329976         0.583329976
     0.583329976         0.583329976         0.416669995
     0.666670024         0.333330005         0.333330005
     0.666670024         0.500000000         0.500000000
     0.833329976         0.333330005         0.500000000
     0.833329976         0.500000000         0.333330005
     0.916670024         0.416669995         0.583329976
     0.750000000         0.416669995         0.416669995
     0.750000000         0.583329976         0.583329976
     0.916670024         0.583329976         0.416669995
     0.000000000         0.666670024         0.333330005
     0.000000000         0.833329976         0.500000000
     0.166669995         0.666670024         0.500000000
     0.166669995         0.833329976         0.333330005
     0.250000000         0.750000000         0.583329976
     0.083329998         0.750000000         0.416669995
     0.083329998         0.916670024         0.583329976
     0.250000000         0.916670024         0.416669995
     0.333330005         0.666670024         0.333330005
     0.333330005         0.833329976         0.500000000
     0.500000000         0.666670024         0.500000000
     0.500000000         0.833329976         0.333330005
     0.583329976         0.750000000         0.583329976
     0.416669995         0.750000000         0.416669995
     0.416669995         0.916670024         0.583329976
     0.583329976         0.916670024         0.416669995
     0.666670024         0.666670024         0.333330005
     0.666670024         0.833329976         0.500000000
     0.833329976         0.666670024         0.500000000
     0.833329976         0.833329976         0.333330005
     0.916670024         0.750000000         0.583329976
     0.750000000         0.750000000         0.416669995
     0.750000000         0.916670024         0.583329976
     0.916670024         0.916670024         0.416669995
     0.000000000         0.000000000         0.666670024
     0.000000000         0.166669995         0.833329976
     0.166669995         0.000000000         0.833329976
     0.166669995         0.166669995         0.666670024
     0.250000000         0.083329998         0.916670024
     0.083329998         0.083329998         0.750000000
     0.083329998         0.250000000         0.916670024
     0.250000000         0.250000000         0.750000000
     0.333330005         0.000000000         0.666670024
     0.333330005         0.166669995         0.833329976
     0.500000000         0.000000000         0.833329976
     0.500000000         0.166669995         0.666670024
     0.583329976         0.083329998         0.916670024
     0.416669995         0.083329998         0.750000000
     0.416669995         0.250000000         0.916670024
     0.583329976         0.250000000         0.750000000
     0.666670024         0.000000000         0.666670024
     0.666670024         0.166669995         0.833329976
     0.833329976         0.000000000         0.833329976
     0.833329976         0.166669995         0.666670024
     0.916670024         0.083329998         0.916670024
     0.750000000         0.083329998         0.750000000
     0.750000000         0.250000000         0.916670024
     0.916670024         0.250000000         0.750000000
     0.000000000         0.333330005         0.666670024
     0.000000000         0.500000000         0.833329976
     0.166669995         0.333330005         0.833329976
     0.166669995         0.500000000         0.666670024
     0.250000000         0.416669995         0.916670024
     0.083329998         0.416669995         0.750000000
     0.083329998         0.583329976         0.916670024
     0.250000000         0.583329976         0.750000000
     0.333330005         0.333330005         0.666670024
     0.333330005         0.500000000         0.833329976
     0.500000000         0.333330005         0.833329976
     0.500000000         0.500000000         0.666670024
     0.583329976         0.416669995         0.916670024
     0.416669995         0.416669995         0.750000000
     0.416669995         0.583329976         0.916670024
     0.583329976         0.583329976         0.750000000
     0.666670024         0.333330005         0.666670024
     0.666670024         0.500000000         0.833329976
     0.833329976         0.333330005         0.833329976
     0.833329976         0.500000000         0.666670024
     0.916670024         0.416669995         0.916670024
     0.750000000         0.416669995         0.750000000
     0.750000000         0.583329976         0.916670024
     0.916670024         0.583329976         0.750000000
     0.000000000         0.666670024         0.666670024
     0.000000000         0.833329976         0.833329976
     0.166669995         0.666670024         0.833329976
     0.166669995         0.833329976         0.666670024
     0.250000000         0.750000000         0.916670024
     0.083329998         0.750000000         0.750000000
     0.083329998         0.916670024         0.916670024
     0.250000000         0.916670024         0.750000000
     0.333330005         0.666670024         0.666670024
     0.333330005         0.833329976         0.833329976
     0.500000000         0.666670024         0.833329976
     0.500000000         0.833329976         0.666670024
     0.583329976         0.750000000         0.916670024
     0.416669995         0.750000000         0.750000000
     0.416669995         0.916670024         0.916670024
     0.583329976         0.916670024         0.750000000
     0.666670024         0.666670024         0.666670024
     0.666670024         0.833329976         0.833329976
     0.833329976         0.666670024         0.833329976
     0.833329976         0.833329976         0.666670024
     0.916670024         0.750000000         0.916670024
     0.750000000         0.750000000         0.750000000
     0.750000000         0.916670024         0.916670024
     0.916670024         0.916670024         0.750000000
end Atom_Red
