# S128i

Mixing_Variable:       potential
#Mixing_Type:           anderson
Mixing_Type:           kerker+anderson
Mixing_StepLength:     0.5
Mixing_MaxDim:         5

Extra_States:          0

Temperature:           0
SCF_Outer_MaxIter:     1 
SCF_Outer_Tolerance:   1e-5
SCF_Phi_MaxIter:       1 
SCF_Phi_Tolerance:     1e-6

Eig_MaxIter: 	        1 
Eig_Tolerance:         1e-20

PeriodTable:           HGH_Si.bin
Pseudo_Type:           HGH
XC_Type:               XC_LDA_XC_TETER93


PW_Solver:             Davidson 

Ecut_Wavefunction:     10

begin Super_Cell
   30.7875   30.7875   30.7875
end Super_Cell

Atom_Types_Num:        1

Atom_Type:             14

begin Atom_Red
     0.000000000         0.000000000         0.000000000
     0.000000000         0.166669995         0.166669995
     0.166669995         0.000000000         0.166669995
     0.166669995         0.166669995         0.000000000
     0.250000000         0.083329998         0.250000000
     0.083329998         0.083329998         0.083329998
     0.083329998         0.250000000         0.250000000
     0.250000000         0.250000000         0.083329998
     0.333330005         0.000000000         0.000000000
     0.333330005         0.166669995         0.166669995
     0.500000000         0.000000000         0.166669995
     0.500000000         0.166669995         0.000000000
     0.583329976         0.083329998         0.250000000
     0.416669995         0.083329998         0.083329998
     0.416669995         0.250000000         0.250000000
     0.583329976         0.250000000         0.083329998
     0.666670024         0.000000000         0.000000000
     0.666670024         0.166669995         0.166669995
     0.833329976         0.000000000         0.166669995
     0.833329976         0.166669995         0.000000000
     0.916670024         0.083329998         0.250000000
     0.750000000         0.083329998         0.083329998
     0.750000000         0.250000000         0.250000000
     0.916670024         0.250000000         0.083329998
     0.000000000         0.333330005         0.000000000
     0.000000000         0.500000000         0.166669995
     0.166669995         0.333330005         0.166669995
     0.166669995         0.500000000         0.000000000
     0.250000000         0.416669995         0.250000000
     0.083329998         0.416669995         0.083329998
     0.083329998         0.583329976         0.250000000
     0.250000000         0.583329976         0.083329998
     0.333330005         0.333330005         0.000000000
     0.333330005         0.500000000         0.166669995
     0.500000000         0.333330005         0.166669995
     0.500000000         0.500000000         0.000000000
     0.583329976         0.416669995         0.250000000
     0.416669995         0.416669995         0.083329998
     0.416669995         0.583329976         0.250000000
     0.583329976         0.583329976         0.083329998
     0.666670024         0.333330005         0.000000000
     0.666670024         0.500000000         0.166669995
     0.833329976         0.333330005         0.166669995
     0.833329976         0.500000000         0.000000000
     0.916670024         0.416669995         0.250000000
     0.750000000         0.416669995         0.083329998
     0.750000000         0.583329976         0.250000000
     0.916670024         0.583329976         0.083329998
     0.000000000         0.666670024         0.000000000
     0.000000000         0.833329976         0.166669995
     0.166669995         0.666670024         0.166669995
     0.166669995         0.833329976         0.000000000
     0.250000000         0.750000000         0.250000000
     0.083329998         0.750000000         0.083329998
     0.083329998         0.916670024         0.250000000
     0.250000000         0.916670024         0.083329998
     0.333330005         0.666670024         0.000000000
     0.333330005         0.833329976         0.166669995
     0.500000000         0.666670024         0.166669995
     0.500000000         0.833329976         0.000000000
     0.583329976         0.750000000         0.250000000
     0.416669995         0.750000000         0.083329998
     0.416669995         0.916670024         0.250000000
     0.583329976         0.916670024         0.083329998
     0.666670024         0.666670024         0.000000000
     0.666670024         0.833329976         0.166669995
     0.833329976         0.666670024         0.166669995
     0.833329976         0.833329976         0.000000000
     0.916670024         0.750000000         0.250000000
     0.750000000         0.750000000         0.083329998
     0.750000000         0.916670024         0.250000000
     0.916670024         0.916670024         0.083329998
     0.000000000         0.000000000         0.333330005
     0.000000000         0.166669995         0.500000000
     0.166669995         0.000000000         0.500000000
     0.166669995         0.166669995         0.333330005
     0.250000000         0.083329998         0.583329976
     0.083329998         0.083329998         0.416669995
     0.083329998         0.250000000         0.583329976
     0.250000000         0.250000000         0.416669995
     0.333330005         0.000000000         0.333330005
     0.333330005         0.166669995         0.500000000
     0.500000000         0.000000000         0.500000000
     0.500000000         0.166669995         0.333330005
     0.583329976         0.083329998         0.583329976
     0.416669995         0.083329998         0.416669995
     0.416669995         0.250000000         0.583329976
     0.583329976         0.250000000         0.416669995
     0.666670024         0.000000000         0.333330005
     0.666670024         0.166669995         0.500000000
     0.833329976         0.000000000         0.500000000
     0.833329976         0.166669995         0.333330005
     0.916670024         0.083329998         0.583329976
     0.750000000         0.083329998         0.416669995
     0.750000000         0.250000000         0.583329976
     0.916670024         0.250000000         0.416669995
     0.000000000         0.333330005         0.333330005
     0.000000000         0.500000000         0.500000000
     0.166669995         0.333330005         0.500000000
     0.166669995         0.500000000         0.333330005
     0.250000000         0.416669995         0.583329976
     0.083329998         0.416669995         0.416669995
     0.083329998         0.583329976         0.583329976
     0.250000000         0.583329976         0.416669995
     0.333330005         0.333330005         0.333330005
     0.333330005         0.500000000         0.500000000
     0.500000000         0.333330005         0.500000000
     0.500000000         0.500000000         0.333330005
     0.583329976         0.416669995         0.583329976
     0.416669995         0.416669995         0.416669995
     0.416669995         0.583329976         0.583329976
     0.583329976         0.583329976         0.416669995
     0.666670024         0.333330005         0.333330005
     0.666670024         0.500000000         0.500000000
     0.833329976         0.333330005         0.500000000
     0.833329976         0.500000000         0.333330005
     0.916670024         0.416669995         0.583329976
     0.750000000         0.416669995         0.416669995
     0.750000000         0.583329976         0.583329976
     0.916670024         0.583329976         0.416669995
     0.000000000         0.666670024         0.333330005
     0.000000000         0.833329976         0.500000000
     0.166669995         0.666670024         0.500000000
     0.166669995         0.833329976         0.333330005
     0.250000000         0.750000000         0.583329976
     0.083329998         0.750000000         0.416669995
     0.083329998         0.916670024         0.583329976
     0.250000000         0.916670024         0.416669995
     0.333330005         0.666670024         0.333330005
     0.333330005         0.833329976         0.500000000
     0.500000000         0.666670024         0.500000000
     0.500000000         0.833329976         0.333330005
     0.583329976         0.750000000         0.583329976
     0.416669995         0.750000000         0.416669995
     0.416669995         0.916670024         0.583329976
     0.583329976         0.916670024         0.416669995
     0.666670024         0.666670024         0.333330005
     0.666670024         0.833329976         0.500000000
     0.833329976         0.666670024         0.500000000
     0.833329976         0.833329976         0.333330005
     0.916670024         0.750000000         0.583329976
     0.750000000         0.750000000         0.416669995
     0.750000000         0.916670024         0.583329976
     0.916670024         0.916670024         0.416669995
     0.000000000         0.000000000         0.666670024
     0.000000000         0.166669995         0.833329976
     0.166669995         0.000000000         0.833329976
     0.166669995         0.166669995         0.666670024
     0.250000000         0.083329998         0.916670024
     0.083329998         0.083329998         0.750000000
     0.083329998         0.250000000         0.916670024
     0.250000000         0.250000000         0.750000000
     0.333330005         0.000000000         0.666670024
     0.333330005         0.166669995         0.833329976
     0.500000000         0.000000000         0.833329976
     0.500000000         0.166669995         0.666670024
     0.583329976         0.083329998         0.916670024
     0.416669995         0.083329998         0.750000000
     0.416669995         0.250000000         0.916670024
     0.583329976         0.250000000         0.750000000
     0.666670024         0.000000000         0.666670024
     0.666670024         0.166669995         0.833329976
     0.833329976         0.000000000         0.833329976
     0.833329976         0.166669995         0.666670024
     0.916670024         0.083329998         0.916670024
     0.750000000         0.083329998         0.750000000
     0.750000000         0.250000000         0.916670024
     0.916670024         0.250000000         0.750000000
     0.000000000         0.333330005         0.666670024
     0.000000000         0.500000000         0.833329976
     0.166669995         0.333330005         0.833329976
     0.166669995         0.500000000         0.666670024
     0.250000000         0.416669995         0.916670024
     0.083329998         0.416669995         0.750000000
     0.083329998         0.583329976         0.916670024
     0.250000000         0.583329976         0.750000000
     0.333330005         0.333330005         0.666670024
     0.333330005         0.500000000         0.833329976
     0.500000000         0.333330005         0.833329976
     0.500000000         0.500000000         0.666670024
     0.583329976         0.416669995         0.916670024
     0.416669995         0.416669995         0.750000000
     0.416669995         0.583329976         0.916670024
     0.583329976         0.583329976         0.750000000
     0.666670024         0.333330005         0.666670024
     0.666670024         0.500000000         0.833329976
     0.833329976         0.333330005         0.833329976
     0.833329976         0.500000000         0.666670024
     0.916670024         0.416669995         0.916670024
     0.750000000         0.416669995         0.750000000
     0.750000000         0.583329976         0.916670024
     0.916670024         0.583329976         0.750000000
     0.000000000         0.666670024         0.666670024
     0.000000000         0.833329976         0.833329976
     0.166669995         0.666670024         0.833329976
     0.166669995         0.833329976         0.666670024
     0.250000000         0.750000000         0.916670024
     0.083329998         0.750000000         0.750000000
     0.083329998         0.916670024         0.916670024
     0.250000000         0.916670024         0.750000000
     0.333330005         0.666670024         0.666670024
     0.333330005         0.833329976         0.833329976
     0.500000000         0.666670024         0.833329976
     0.500000000         0.833329976         0.666670024
     0.583329976         0.750000000         0.916670024
     0.416669995         0.750000000         0.750000000
     0.416669995         0.916670024         0.916670024
     0.583329976         0.916670024         0.750000000
     0.666670024         0.666670024         0.666670024
     0.666670024         0.833329976         0.833329976
     0.833329976         0.666670024         0.833329976
     0.833329976         0.833329976         0.666670024
     0.916670024         0.750000000         0.916670024
     0.750000000         0.750000000         0.750000000
     0.750000000         0.916670024         0.916670024
     0.916670024         0.916670024         0.750000000
end Atom_Red
