# Si 64 atoms

Mixing_Variable:       potential
Mixing_Type:           anderson
#Mixing_Type:           kerker+anderson
Mixing_StepLength:     0.2
Mixing_MaxDim:         8

SCF_Outer_MaxIter:     100 #
SCF_Outer_Tolerance:   1e-8 #
SCF_Phi_MaxIter:       50 #
SCF_Phi_Tolerance:     1e-10 #

Eig_MaxIter:           5
Eig_Tolerance:         1e-8
Eig_Min_Tolerance:     1e-1

#LRTDDFT:               1
Extra_States:           0
#Nvband:                8
#Ncband:                8

#Output_Excitation_Energy: 1

PW_Solver:             PPCG

PeriodTable:           HGH_Si.bin
Pseudo_Type:           HGH
#begin UPF_File
#../../ONCV/Si_ONCV_PBE-1.2.upf
#end UPF_File
#Use_VLocal:            1

Hybrid_Mixing_Type:    pcdiis
Hybrid_ACE:            1 # ace
Hybrid_DF:             0 # isdf
Hybrid_DF_Num_Mu:      16 # Mu
Hybrid_DF_Type:        Kmeans
Hybrid_ACE_Twice_PCDIIS: 0
XC_Type:               XC_LDA_XC_TETER93 #XC_GGA_XC_PBE #XC_HYB_GGA_XC_HSE06


Ecut_Wavefunction:      10
#HF_Grid_Factor:         2.0 #1.414 #1.154700538  #2.0

begin Super_Cell
       20.525  20.525  20.525
end Super_Cell

Atom_Types_Num:        1

Atom_Type:             14

begin Atom_Red
       0.000000000         0.000000000         0.000000000
       0.000000000         0.250000000         0.250000000
       0.250000000         0.000000000         0.250000000
       0.250000000         0.250000000         0.000000000
       0.375000000         0.125000000         0.375000000
       0.125000000         0.125000000         0.125000000
       0.125000000         0.375000000         0.375000000
       0.375000000         0.375000000         0.125000000
       0.500000000         0.000000000         0.000000000
       0.500000000         0.250000000         0.250000000
       0.750000000         0.000000000         0.250000000
       0.750000000         0.250000000         0.000000000
       0.875000000         0.125000000         0.375000000
       0.625000000         0.125000000         0.125000000
       0.625000000         0.375000000         0.375000000
       0.875000000         0.375000000         0.125000000
       0.000000000         0.500000000         0.000000000
       0.000000000         0.750000000         0.250000000
       0.250000000         0.500000000         0.250000000
       0.250000000         0.750000000         0.000000000
       0.375000000         0.625000000         0.375000000
       0.125000000         0.625000000         0.125000000
       0.125000000         0.875000000         0.375000000
       0.375000000         0.875000000         0.125000000
       0.500000000         0.500000000         0.000000000
       0.500000000         0.750000000         0.250000000
       0.750000000         0.500000000         0.250000000
       0.750000000         0.750000000         0.000000000
       0.875000000         0.625000000         0.375000000
       0.625000000         0.625000000         0.125000000
       0.625000000         0.875000000         0.375000000
       0.875000000         0.875000000         0.125000000
       0.000000000         0.000000000         0.500000000
       0.000000000         0.250000000         0.750000000
       0.250000000         0.000000000         0.750000000
       0.250000000         0.250000000         0.500000000
       0.375000000         0.125000000         0.875000000
       0.125000000         0.125000000         0.625000000
       0.125000000         0.375000000         0.875000000
       0.375000000         0.375000000         0.625000000
       0.500000000         0.000000000         0.500000000
       0.500000000         0.250000000         0.750000000
       0.750000000         0.000000000         0.750000000
       0.750000000         0.250000000         0.500000000
       0.875000000         0.125000000         0.875000000
       0.625000000         0.125000000         0.625000000
       0.625000000         0.375000000         0.875000000
       0.875000000         0.375000000         0.625000000
       0.000000000         0.500000000         0.500000000
       0.000000000         0.750000000         0.750000000
       0.250000000         0.500000000         0.750000000
       0.250000000         0.750000000         0.500000000
       0.375000000         0.625000000         0.875000000
       0.125000000         0.625000000         0.625000000
       0.125000000         0.875000000         0.875000000
       0.375000000         0.875000000         0.625000000
       0.500000000         0.500000000         0.500000000
       0.500000000         0.750000000         0.750000000
       0.750000000         0.500000000         0.750000000
       0.750000000         0.750000000         0.500000000
       0.875000000         0.625000000         0.875000000
       0.625000000         0.625000000         0.625000000
       0.625000000         0.875000000         0.875000000
       0.875000000         0.875000000         0.625000000
end Atom_Red

