temperature:        	 300
extra_states:          16 

xc_type:                HSE

ecut_wavefunction:      10
fftw_mpi_size:          25

begin upf_file
  ../../pp_ONCV/Si_ONCV_PBE-1.2.upf
end upf_file

begin super_cell_angstrom
  27.15  27.15  27.15
end super_cell_angstrom

atom_types_num:        1

atom_type:              14

begin atom_angstrom
    0.00000000       0.00000000       0.00000000
    1.35750000       1.35750000       1.35750000
    2.71500000       2.71500000       0.00000000
    4.07250000       4.07250000       1.35750000
    2.71500000       0.00000000       2.71500000
    4.07250000       1.35750000       4.07250000
    0.00000000       2.71500000       2.71500000
    1.35750000       4.07250000       4.07250000
    0.00000000       0.00000000       5.43000000
    1.35750000       1.35750000       6.78750000
    2.71500000       2.71500000       5.43000000
    4.07250000       4.07250000       6.78750000
    2.71500000       0.00000000       8.14500000
    4.07250000       1.35750000       9.50250000
    0.00000000       2.71500000       8.14500000
    1.35750000       4.07250000       9.50250000
    0.00000000       0.00000000      10.86000000
    1.35750000       1.35750000      12.21750000
    2.71500000       2.71500000      10.86000000
    4.07250000       4.07250000      12.21750000
    2.71500000       0.00000000      13.57500000
    4.07250000       1.35750000      14.93250000
    0.00000000       2.71500000      13.57500000
    1.35750000       4.07250000      14.93250000
    0.00000000       0.00000000      16.29000000
    1.35750000       1.35750000      17.64750000
    2.71500000       2.71500000      16.29000000
    4.07250000       4.07250000      17.64750000
    2.71500000       0.00000000      19.00500000
    4.07250000       1.35750000      20.36250000
    0.00000000       2.71500000      19.00500000
    1.35750000       4.07250000      20.36250000
    0.00000000       0.00000000      21.72000000
    1.35750000       1.35750000      23.07750000
    2.71500000       2.71500000      21.72000000
    4.07250000       4.07250000      23.07750000
    2.71500000       0.00000000      24.43500000
    4.07250000       1.35750000      25.79250000
    0.00000000       2.71500000      24.43500000
    1.35750000       4.07250000      25.79250000
    0.00000000       5.43000000       0.00000000
    1.35750000       6.78750000       1.35750000
    2.71500000       8.14500000       0.00000000
    4.07250000       9.50250000       1.35750000
    2.71500000       5.43000000       2.71500000
    4.07250000       6.78750000       4.07250000
    0.00000000       8.14500000       2.71500000
    1.35750000       9.50250000       4.07250000
    0.00000000       5.43000000       5.43000000
    1.35750000       6.78750000       6.78750000
    2.71500000       8.14500000       5.43000000
    4.07250000       9.50250000       6.78750000
    2.71500000       5.43000000       8.14500000
    4.07250000       6.78750000       9.50250000
    0.00000000       8.14500000       8.14500000
    1.35750000       9.50250000       9.50250000
    0.00000000       5.43000000      10.86000000
    1.35750000       6.78750000      12.21750000
    2.71500000       8.14500000      10.86000000
    4.07250000       9.50250000      12.21750000
    2.71500000       5.43000000      13.57500000
    4.07250000       6.78750000      14.93250000
    0.00000000       8.14500000      13.57500000
    1.35750000       9.50250000      14.93250000
    0.00000000       5.43000000      16.29000000
    1.35750000       6.78750000      17.64750000
    2.71500000       8.14500000      16.29000000
    4.07250000       9.50250000      17.64750000
    2.71500000       5.43000000      19.00500000
    4.07250000       6.78750000      20.36250000
    0.00000000       8.14500000      19.00500000
    1.35750000       9.50250000      20.36250000
    0.00000000       5.43000000      21.72000000
    1.35750000       6.78750000      23.07750000
    2.71500000       8.14500000      21.72000000
    4.07250000       9.50250000      23.07750000
    2.71500000       5.43000000      24.43500000
    4.07250000       6.78750000      25.79250000
    0.00000000       8.14500000      24.43500000
    1.35750000       9.50250000      25.79250000
    0.00000000      10.86000000       0.00000000
    1.35750000      12.21750000       1.35750000
    2.71500000      13.57500000       0.00000000
    4.07250000      14.93250000       1.35750000
    2.71500000      10.86000000       2.71500000
    4.07250000      12.21750000       4.07250000
    0.00000000      13.57500000       2.71500000
    1.35750000      14.93250000       4.07250000
    0.00000000      10.86000000       5.43000000
    1.35750000      12.21750000       6.78750000
    2.71500000      13.57500000       5.43000000
    4.07250000      14.93250000       6.78750000
    2.71500000      10.86000000       8.14500000
    4.07250000      12.21750000       9.50250000
    0.00000000      13.57500000       8.14500000
    1.35750000      14.93250000       9.50250000
    0.00000000      10.86000000      10.86000000
    1.35750000      12.21750000      12.21750000
    2.71500000      13.57500000      10.86000000
    4.07250000      14.93250000      12.21750000
    2.71500000      10.86000000      13.57500000
    4.07250000      12.21750000      14.93250000
    0.00000000      13.57500000      13.57500000
    1.35750000      14.93250000      14.93250000
    0.00000000      10.86000000      16.29000000
    1.35750000      12.21750000      17.64750000
    2.71500000      13.57500000      16.29000000
    4.07250000      14.93250000      17.64750000
    2.71500000      10.86000000      19.00500000
    4.07250000      12.21750000      20.36250000
    0.00000000      13.57500000      19.00500000
    1.35750000      14.93250000      20.36250000
    0.00000000      10.86000000      21.72000000
    1.35750000      12.21750000      23.07750000
    2.71500000      13.57500000      21.72000000
    4.07250000      14.93250000      23.07750000
    2.71500000      10.86000000      24.43500000
    4.07250000      12.21750000      25.79250000
    0.00000000      13.57500000      24.43500000
    1.35750000      14.93250000      25.79250000
    0.00000000      16.29000000       0.00000000
    1.35750000      17.64750000       1.35750000
    2.71500000      19.00500000       0.00000000
    4.07250000      20.36250000       1.35750000
    2.71500000      16.29000000       2.71500000
    4.07250000      17.64750000       4.07250000
    0.00000000      19.00500000       2.71500000
    1.35750000      20.36250000       4.07250000
    0.00000000      16.29000000       5.43000000
    1.35750000      17.64750000       6.78750000
    2.71500000      19.00500000       5.43000000
    4.07250000      20.36250000       6.78750000
    2.71500000      16.29000000       8.14500000
    4.07250000      17.64750000       9.50250000
    0.00000000      19.00500000       8.14500000
    1.35750000      20.36250000       9.50250000
    0.00000000      16.29000000      10.86000000
    1.35750000      17.64750000      12.21750000
    2.71500000      19.00500000      10.86000000
    4.07250000      20.36250000      12.21750000
    2.71500000      16.29000000      13.57500000
    4.07250000      17.64750000      14.93250000
    0.00000000      19.00500000      13.57500000
    1.35750000      20.36250000      14.93250000
    0.00000000      16.29000000      16.29000000
    1.35750000      17.64750000      17.64750000
    2.71500000      19.00500000      16.29000000
    4.07250000      20.36250000      17.64750000
    2.71500000      16.29000000      19.00500000
    4.07250000      17.64750000      20.36250000
    0.00000000      19.00500000      19.00500000
    1.35750000      20.36250000      20.36250000
    0.00000000      16.29000000      21.72000000
    1.35750000      17.64750000      23.07750000
    2.71500000      19.00500000      21.72000000
    4.07250000      20.36250000      23.07750000
    2.71500000      16.29000000      24.43500000
    4.07250000      17.64750000      25.79250000
    0.00000000      19.00500000      24.43500000
    1.35750000      20.36250000      25.79250000
    0.00000000      21.72000000       0.00000000
    1.35750000      23.07750000       1.35750000
    2.71500000      24.43500000       0.00000000
    4.07250000      25.79250000       1.35750000
    2.71500000      21.72000000       2.71500000
    4.07250000      23.07750000       4.07250000
    0.00000000      24.43500000       2.71500000
    1.35750000      25.79250000       4.07250000
    0.00000000      21.72000000       5.43000000
    1.35750000      23.07750000       6.78750000
    2.71500000      24.43500000       5.43000000
    4.07250000      25.79250000       6.78750000
    2.71500000      21.72000000       8.14500000
    4.07250000      23.07750000       9.50250000
    0.00000000      24.43500000       8.14500000
    1.35750000      25.79250000       9.50250000
    0.00000000      21.72000000      10.86000000
    1.35750000      23.07750000      12.21750000
    2.71500000      24.43500000      10.86000000
    4.07250000      25.79250000      12.21750000
    2.71500000      21.72000000      13.57500000
    4.07250000      23.07750000      14.93250000
    0.00000000      24.43500000      13.57500000
    1.35750000      25.79250000      14.93250000
    0.00000000      21.72000000      16.29000000
    1.35750000      23.07750000      17.64750000
    2.71500000      24.43500000      16.29000000
    4.07250000      25.79250000      17.64750000
    2.71500000      21.72000000      19.00500000
    4.07250000      23.07750000      20.36250000
    0.00000000      24.43500000      19.00500000
    1.35750000      25.79250000      20.36250000
    0.00000000      21.72000000      21.72000000
    1.35750000      23.07750000      23.07750000
    2.71500000      24.43500000      21.72000000
    4.07250000      25.79250000      23.07750000
    2.71500000      21.72000000      24.43500000
    4.07250000      23.07750000      25.79250000
    0.00000000      24.43500000      24.43500000
    1.35750000      25.79250000      25.79250000
    5.43000000       0.00000000       0.00000000
    6.78750000       1.35750000       1.35750000
    8.14500000       2.71500000       0.00000000
    9.50250000       4.07250000       1.35750000
    8.14500000       0.00000000       2.71500000
    9.50250000       1.35750000       4.07250000
    5.43000000       2.71500000       2.71500000
    6.78750000       4.07250000       4.07250000
    5.43000000       0.00000000       5.43000000
    6.78750000       1.35750000       6.78750000
    8.14500000       2.71500000       5.43000000
    9.50250000       4.07250000       6.78750000
    8.14500000       0.00000000       8.14500000
    9.50250000       1.35750000       9.50250000
    5.43000000       2.71500000       8.14500000
    6.78750000       4.07250000       9.50250000
    5.43000000       0.00000000      10.86000000
    6.78750000       1.35750000      12.21750000
    8.14500000       2.71500000      10.86000000
    9.50250000       4.07250000      12.21750000
    8.14500000       0.00000000      13.57500000
    9.50250000       1.35750000      14.93250000
    5.43000000       2.71500000      13.57500000
    6.78750000       4.07250000      14.93250000
    5.43000000       0.00000000      16.29000000
    6.78750000       1.35750000      17.64750000
    8.14500000       2.71500000      16.29000000
    9.50250000       4.07250000      17.64750000
    8.14500000       0.00000000      19.00500000
    9.50250000       1.35750000      20.36250000
    5.43000000       2.71500000      19.00500000
    6.78750000       4.07250000      20.36250000
    5.43000000       0.00000000      21.72000000
    6.78750000       1.35750000      23.07750000
    8.14500000       2.71500000      21.72000000
    9.50250000       4.07250000      23.07750000
    8.14500000       0.00000000      24.43500000
    9.50250000       1.35750000      25.79250000
    5.43000000       2.71500000      24.43500000
    6.78750000       4.07250000      25.79250000
    5.43000000       5.43000000       0.00000000
    6.78750000       6.78750000       1.35750000
    8.14500000       8.14500000       0.00000000
    9.50250000       9.50250000       1.35750000
    8.14500000       5.43000000       2.71500000
    9.50250000       6.78750000       4.07250000
    5.43000000       8.14500000       2.71500000
    6.78750000       9.50250000       4.07250000
    5.43000000       5.43000000       5.43000000
    6.78750000       6.78750000       6.78750000
    8.14500000       8.14500000       5.43000000
    9.50250000       9.50250000       6.78750000
    8.14500000       5.43000000       8.14500000
    9.50250000       6.78750000       9.50250000
    5.43000000       8.14500000       8.14500000
    6.78750000       9.50250000       9.50250000
    5.43000000       5.43000000      10.86000000
    6.78750000       6.78750000      12.21750000
    8.14500000       8.14500000      10.86000000
    9.50250000       9.50250000      12.21750000
    8.14500000       5.43000000      13.57500000
    9.50250000       6.78750000      14.93250000
    5.43000000       8.14500000      13.57500000
    6.78750000       9.50250000      14.93250000
    5.43000000       5.43000000      16.29000000
    6.78750000       6.78750000      17.64750000
    8.14500000       8.14500000      16.29000000
    9.50250000       9.50250000      17.64750000
    8.14500000       5.43000000      19.00500000
    9.50250000       6.78750000      20.36250000
    5.43000000       8.14500000      19.00500000
    6.78750000       9.50250000      20.36250000
    5.43000000       5.43000000      21.72000000
    6.78750000       6.78750000      23.07750000
    8.14500000       8.14500000      21.72000000
    9.50250000       9.50250000      23.07750000
    8.14500000       5.43000000      24.43500000
    9.50250000       6.78750000      25.79250000
    5.43000000       8.14500000      24.43500000
    6.78750000       9.50250000      25.79250000
    5.43000000      10.86000000       0.00000000
    6.78750000      12.21750000       1.35750000
    8.14500000      13.57500000       0.00000000
    9.50250000      14.93250000       1.35750000
    8.14500000      10.86000000       2.71500000
    9.50250000      12.21750000       4.07250000
    5.43000000      13.57500000       2.71500000
    6.78750000      14.93250000       4.07250000
    5.43000000      10.86000000       5.43000000
    6.78750000      12.21750000       6.78750000
    8.14500000      13.57500000       5.43000000
    9.50250000      14.93250000       6.78750000
    8.14500000      10.86000000       8.14500000
    9.50250000      12.21750000       9.50250000
    5.43000000      13.57500000       8.14500000
    6.78750000      14.93250000       9.50250000
    5.43000000      10.86000000      10.86000000
    6.78750000      12.21750000      12.21750000
    8.14500000      13.57500000      10.86000000
    9.50250000      14.93250000      12.21750000
    8.14500000      10.86000000      13.57500000
    9.50250000      12.21750000      14.93250000
    5.43000000      13.57500000      13.57500000
    6.78750000      14.93250000      14.93250000
    5.43000000      10.86000000      16.29000000
    6.78750000      12.21750000      17.64750000
    8.14500000      13.57500000      16.29000000
    9.50250000      14.93250000      17.64750000
    8.14500000      10.86000000      19.00500000
    9.50250000      12.21750000      20.36250000
    5.43000000      13.57500000      19.00500000
    6.78750000      14.93250000      20.36250000
    5.43000000      10.86000000      21.72000000
    6.78750000      12.21750000      23.07750000
    8.14500000      13.57500000      21.72000000
    9.50250000      14.93250000      23.07750000
    8.14500000      10.86000000      24.43500000
    9.50250000      12.21750000      25.79250000
    5.43000000      13.57500000      24.43500000
    6.78750000      14.93250000      25.79250000
    5.43000000      16.29000000       0.00000000
    6.78750000      17.64750000       1.35750000
    8.14500000      19.00500000       0.00000000
    9.50250000      20.36250000       1.35750000
    8.14500000      16.29000000       2.71500000
    9.50250000      17.64750000       4.07250000
    5.43000000      19.00500000       2.71500000
    6.78750000      20.36250000       4.07250000
    5.43000000      16.29000000       5.43000000
    6.78750000      17.64750000       6.78750000
    8.14500000      19.00500000       5.43000000
    9.50250000      20.36250000       6.78750000
    8.14500000      16.29000000       8.14500000
    9.50250000      17.64750000       9.50250000
    5.43000000      19.00500000       8.14500000
    6.78750000      20.36250000       9.50250000
    5.43000000      16.29000000      10.86000000
    6.78750000      17.64750000      12.21750000
    8.14500000      19.00500000      10.86000000
    9.50250000      20.36250000      12.21750000
    8.14500000      16.29000000      13.57500000
    9.50250000      17.64750000      14.93250000
    5.43000000      19.00500000      13.57500000
    6.78750000      20.36250000      14.93250000
    5.43000000      16.29000000      16.29000000
    6.78750000      17.64750000      17.64750000
    8.14500000      19.00500000      16.29000000
    9.50250000      20.36250000      17.64750000
    8.14500000      16.29000000      19.00500000
    9.50250000      17.64750000      20.36250000
    5.43000000      19.00500000      19.00500000
    6.78750000      20.36250000      20.36250000
    5.43000000      16.29000000      21.72000000
    6.78750000      17.64750000      23.07750000
    8.14500000      19.00500000      21.72000000
    9.50250000      20.36250000      23.07750000
    8.14500000      16.29000000      24.43500000
    9.50250000      17.64750000      25.79250000
    5.43000000      19.00500000      24.43500000
    6.78750000      20.36250000      25.79250000
    5.43000000      21.72000000       0.00000000
    6.78750000      23.07750000       1.35750000
    8.14500000      24.43500000       0.00000000
    9.50250000      25.79250000       1.35750000
    8.14500000      21.72000000       2.71500000
    9.50250000      23.07750000       4.07250000
    5.43000000      24.43500000       2.71500000
    6.78750000      25.79250000       4.07250000
    5.43000000      21.72000000       5.43000000
    6.78750000      23.07750000       6.78750000
    8.14500000      24.43500000       5.43000000
    9.50250000      25.79250000       6.78750000
    8.14500000      21.72000000       8.14500000
    9.50250000      23.07750000       9.50250000
    5.43000000      24.43500000       8.14500000
    6.78750000      25.79250000       9.50250000
    5.43000000      21.72000000      10.86000000
    6.78750000      23.07750000      12.21750000
    8.14500000      24.43500000      10.86000000
    9.50250000      25.79250000      12.21750000
    8.14500000      21.72000000      13.57500000
    9.50250000      23.07750000      14.93250000
    5.43000000      24.43500000      13.57500000
    6.78750000      25.79250000      14.93250000
    5.43000000      21.72000000      16.29000000
    6.78750000      23.07750000      17.64750000
    8.14500000      24.43500000      16.29000000
    9.50250000      25.79250000      17.64750000
    8.14500000      21.72000000      19.00500000
    9.50250000      23.07750000      20.36250000
    5.43000000      24.43500000      19.00500000
    6.78750000      25.79250000      20.36250000
    5.43000000      21.72000000      21.72000000
    6.78750000      23.07750000      23.07750000
    8.14500000      24.43500000      21.72000000
    9.50250000      25.79250000      23.07750000
    8.14500000      21.72000000      24.43500000
    9.50250000      23.07750000      25.79250000
    5.43000000      24.43500000      24.43500000
    6.78750000      25.79250000      25.79250000
   10.86000000       0.00000000       0.00000000
   12.21750000       1.35750000       1.35750000
   13.57500000       2.71500000       0.00000000
   14.93250000       4.07250000       1.35750000
   13.57500000       0.00000000       2.71500000
   14.93250000       1.35750000       4.07250000
   10.86000000       2.71500000       2.71500000
   12.21750000       4.07250000       4.07250000
   10.86000000       0.00000000       5.43000000
   12.21750000       1.35750000       6.78750000
   13.57500000       2.71500000       5.43000000
   14.93250000       4.07250000       6.78750000
   13.57500000       0.00000000       8.14500000
   14.93250000       1.35750000       9.50250000
   10.86000000       2.71500000       8.14500000
   12.21750000       4.07250000       9.50250000
   10.86000000       0.00000000      10.86000000
   12.21750000       1.35750000      12.21750000
   13.57500000       2.71500000      10.86000000
   14.93250000       4.07250000      12.21750000
   13.57500000       0.00000000      13.57500000
   14.93250000       1.35750000      14.93250000
   10.86000000       2.71500000      13.57500000
   12.21750000       4.07250000      14.93250000
   10.86000000       0.00000000      16.29000000
   12.21750000       1.35750000      17.64750000
   13.57500000       2.71500000      16.29000000
   14.93250000       4.07250000      17.64750000
   13.57500000       0.00000000      19.00500000
   14.93250000       1.35750000      20.36250000
   10.86000000       2.71500000      19.00500000
   12.21750000       4.07250000      20.36250000
   10.86000000       0.00000000      21.72000000
   12.21750000       1.35750000      23.07750000
   13.57500000       2.71500000      21.72000000
   14.93250000       4.07250000      23.07750000
   13.57500000       0.00000000      24.43500000
   14.93250000       1.35750000      25.79250000
   10.86000000       2.71500000      24.43500000
   12.21750000       4.07250000      25.79250000
   10.86000000       5.43000000       0.00000000
   12.21750000       6.78750000       1.35750000
   13.57500000       8.14500000       0.00000000
   14.93250000       9.50250000       1.35750000
   13.57500000       5.43000000       2.71500000
   14.93250000       6.78750000       4.07250000
   10.86000000       8.14500000       2.71500000
   12.21750000       9.50250000       4.07250000
   10.86000000       5.43000000       5.43000000
   12.21750000       6.78750000       6.78750000
   13.57500000       8.14500000       5.43000000
   14.93250000       9.50250000       6.78750000
   13.57500000       5.43000000       8.14500000
   14.93250000       6.78750000       9.50250000
   10.86000000       8.14500000       8.14500000
   12.21750000       9.50250000       9.50250000
   10.86000000       5.43000000      10.86000000
   12.21750000       6.78750000      12.21750000
   13.57500000       8.14500000      10.86000000
   14.93250000       9.50250000      12.21750000
   13.57500000       5.43000000      13.57500000
   14.93250000       6.78750000      14.93250000
   10.86000000       8.14500000      13.57500000
   12.21750000       9.50250000      14.93250000
   10.86000000       5.43000000      16.29000000
   12.21750000       6.78750000      17.64750000
   13.57500000       8.14500000      16.29000000
   14.93250000       9.50250000      17.64750000
   13.57500000       5.43000000      19.00500000
   14.93250000       6.78750000      20.36250000
   10.86000000       8.14500000      19.00500000
   12.21750000       9.50250000      20.36250000
   10.86000000       5.43000000      21.72000000
   12.21750000       6.78750000      23.07750000
   13.57500000       8.14500000      21.72000000
   14.93250000       9.50250000      23.07750000
   13.57500000       5.43000000      24.43500000
   14.93250000       6.78750000      25.79250000
   10.86000000       8.14500000      24.43500000
   12.21750000       9.50250000      25.79250000
   10.86000000      10.86000000       0.00000000
   12.21750000      12.21750000       1.35750000
   13.57500000      13.57500000       0.00000000
   14.93250000      14.93250000       1.35750000
   13.57500000      10.86000000       2.71500000
   14.93250000      12.21750000       4.07250000
   10.86000000      13.57500000       2.71500000
   12.21750000      14.93250000       4.07250000
   10.86000000      10.86000000       5.43000000
   12.21750000      12.21750000       6.78750000
   13.57500000      13.57500000       5.43000000
   14.93250000      14.93250000       6.78750000
   13.57500000      10.86000000       8.14500000
   14.93250000      12.21750000       9.50250000
   10.86000000      13.57500000       8.14500000
   12.21750000      14.93250000       9.50250000
   10.86000000      10.86000000      10.86000000
   12.21750000      12.21750000      12.21750000
   13.57500000      13.57500000      10.86000000
   14.93250000      14.93250000      12.21750000
   13.57500000      10.86000000      13.57500000
   14.93250000      12.21750000      14.93250000
   10.86000000      13.57500000      13.57500000
   12.21750000      14.93250000      14.93250000
   10.86000000      10.86000000      16.29000000
   12.21750000      12.21750000      17.64750000
   13.57500000      13.57500000      16.29000000
   14.93250000      14.93250000      17.64750000
   13.57500000      10.86000000      19.00500000
   14.93250000      12.21750000      20.36250000
   10.86000000      13.57500000      19.00500000
   12.21750000      14.93250000      20.36250000
   10.86000000      10.86000000      21.72000000
   12.21750000      12.21750000      23.07750000
   13.57500000      13.57500000      21.72000000
   14.93250000      14.93250000      23.07750000
   13.57500000      10.86000000      24.43500000
   14.93250000      12.21750000      25.79250000
   10.86000000      13.57500000      24.43500000
   12.21750000      14.93250000      25.79250000
   10.86000000      16.29000000       0.00000000
   12.21750000      17.64750000       1.35750000
   13.57500000      19.00500000       0.00000000
   14.93250000      20.36250000       1.35750000
   13.57500000      16.29000000       2.71500000
   14.93250000      17.64750000       4.07250000
   10.86000000      19.00500000       2.71500000
   12.21750000      20.36250000       4.07250000
   10.86000000      16.29000000       5.43000000
   12.21750000      17.64750000       6.78750000
   13.57500000      19.00500000       5.43000000
   14.93250000      20.36250000       6.78750000
   13.57500000      16.29000000       8.14500000
   14.93250000      17.64750000       9.50250000
   10.86000000      19.00500000       8.14500000
   12.21750000      20.36250000       9.50250000
   10.86000000      16.29000000      10.86000000
   12.21750000      17.64750000      12.21750000
   13.57500000      19.00500000      10.86000000
   14.93250000      20.36250000      12.21750000
   13.57500000      16.29000000      13.57500000
   14.93250000      17.64750000      14.93250000
   10.86000000      19.00500000      13.57500000
   12.21750000      20.36250000      14.93250000
   10.86000000      16.29000000      16.29000000
   12.21750000      17.64750000      17.64750000
   13.57500000      19.00500000      16.29000000
   14.93250000      20.36250000      17.64750000
   13.57500000      16.29000000      19.00500000
   14.93250000      17.64750000      20.36250000
   10.86000000      19.00500000      19.00500000
   12.21750000      20.36250000      20.36250000
   10.86000000      16.29000000      21.72000000
   12.21750000      17.64750000      23.07750000
   13.57500000      19.00500000      21.72000000
   14.93250000      20.36250000      23.07750000
   13.57500000      16.29000000      24.43500000
   14.93250000      17.64750000      25.79250000
   10.86000000      19.00500000      24.43500000
   12.21750000      20.36250000      25.79250000
   10.86000000      21.72000000       0.00000000
   12.21750000      23.07750000       1.35750000
   13.57500000      24.43500000       0.00000000
   14.93250000      25.79250000       1.35750000
   13.57500000      21.72000000       2.71500000
   14.93250000      23.07750000       4.07250000
   10.86000000      24.43500000       2.71500000
   12.21750000      25.79250000       4.07250000
   10.86000000      21.72000000       5.43000000
   12.21750000      23.07750000       6.78750000
   13.57500000      24.43500000       5.43000000
   14.93250000      25.79250000       6.78750000
   13.57500000      21.72000000       8.14500000
   14.93250000      23.07750000       9.50250000
   10.86000000      24.43500000       8.14500000
   12.21750000      25.79250000       9.50250000
   10.86000000      21.72000000      10.86000000
   12.21750000      23.07750000      12.21750000
   13.57500000      24.43500000      10.86000000
   14.93250000      25.79250000      12.21750000
   13.57500000      21.72000000      13.57500000
   14.93250000      23.07750000      14.93250000
   10.86000000      24.43500000      13.57500000
   12.21750000      25.79250000      14.93250000
   10.86000000      21.72000000      16.29000000
   12.21750000      23.07750000      17.64750000
   13.57500000      24.43500000      16.29000000
   14.93250000      25.79250000      17.64750000
   13.57500000      21.72000000      19.00500000
   14.93250000      23.07750000      20.36250000
   10.86000000      24.43500000      19.00500000
   12.21750000      25.79250000      20.36250000
   10.86000000      21.72000000      21.72000000
   12.21750000      23.07750000      23.07750000
   13.57500000      24.43500000      21.72000000
   14.93250000      25.79250000      23.07750000
   13.57500000      21.72000000      24.43500000
   14.93250000      23.07750000      25.79250000
   10.86000000      24.43500000      24.43500000
   12.21750000      25.79250000      25.79250000
   16.29000000       0.00000000       0.00000000
   17.64750000       1.35750000       1.35750000
   19.00500000       2.71500000       0.00000000
   20.36250000       4.07250000       1.35750000
   19.00500000       0.00000000       2.71500000
   20.36250000       1.35750000       4.07250000
   16.29000000       2.71500000       2.71500000
   17.64750000       4.07250000       4.07250000
   16.29000000       0.00000000       5.43000000
   17.64750000       1.35750000       6.78750000
   19.00500000       2.71500000       5.43000000
   20.36250000       4.07250000       6.78750000
   19.00500000       0.00000000       8.14500000
   20.36250000       1.35750000       9.50250000
   16.29000000       2.71500000       8.14500000
   17.64750000       4.07250000       9.50250000
   16.29000000       0.00000000      10.86000000
   17.64750000       1.35750000      12.21750000
   19.00500000       2.71500000      10.86000000
   20.36250000       4.07250000      12.21750000
   19.00500000       0.00000000      13.57500000
   20.36250000       1.35750000      14.93250000
   16.29000000       2.71500000      13.57500000
   17.64750000       4.07250000      14.93250000
   16.29000000       0.00000000      16.29000000
   17.64750000       1.35750000      17.64750000
   19.00500000       2.71500000      16.29000000
   20.36250000       4.07250000      17.64750000
   19.00500000       0.00000000      19.00500000
   20.36250000       1.35750000      20.36250000
   16.29000000       2.71500000      19.00500000
   17.64750000       4.07250000      20.36250000
   16.29000000       0.00000000      21.72000000
   17.64750000       1.35750000      23.07750000
   19.00500000       2.71500000      21.72000000
   20.36250000       4.07250000      23.07750000
   19.00500000       0.00000000      24.43500000
   20.36250000       1.35750000      25.79250000
   16.29000000       2.71500000      24.43500000
   17.64750000       4.07250000      25.79250000
   16.29000000       5.43000000       0.00000000
   17.64750000       6.78750000       1.35750000
   19.00500000       8.14500000       0.00000000
   20.36250000       9.50250000       1.35750000
   19.00500000       5.43000000       2.71500000
   20.36250000       6.78750000       4.07250000
   16.29000000       8.14500000       2.71500000
   17.64750000       9.50250000       4.07250000
   16.29000000       5.43000000       5.43000000
   17.64750000       6.78750000       6.78750000
   19.00500000       8.14500000       5.43000000
   20.36250000       9.50250000       6.78750000
   19.00500000       5.43000000       8.14500000
   20.36250000       6.78750000       9.50250000
   16.29000000       8.14500000       8.14500000
   17.64750000       9.50250000       9.50250000
   16.29000000       5.43000000      10.86000000
   17.64750000       6.78750000      12.21750000
   19.00500000       8.14500000      10.86000000
   20.36250000       9.50250000      12.21750000
   19.00500000       5.43000000      13.57500000
   20.36250000       6.78750000      14.93250000
   16.29000000       8.14500000      13.57500000
   17.64750000       9.50250000      14.93250000
   16.29000000       5.43000000      16.29000000
   17.64750000       6.78750000      17.64750000
   19.00500000       8.14500000      16.29000000
   20.36250000       9.50250000      17.64750000
   19.00500000       5.43000000      19.00500000
   20.36250000       6.78750000      20.36250000
   16.29000000       8.14500000      19.00500000
   17.64750000       9.50250000      20.36250000
   16.29000000       5.43000000      21.72000000
   17.64750000       6.78750000      23.07750000
   19.00500000       8.14500000      21.72000000
   20.36250000       9.50250000      23.07750000
   19.00500000       5.43000000      24.43500000
   20.36250000       6.78750000      25.79250000
   16.29000000       8.14500000      24.43500000
   17.64750000       9.50250000      25.79250000
   16.29000000      10.86000000       0.00000000
   17.64750000      12.21750000       1.35750000
   19.00500000      13.57500000       0.00000000
   20.36250000      14.93250000       1.35750000
   19.00500000      10.86000000       2.71500000
   20.36250000      12.21750000       4.07250000
   16.29000000      13.57500000       2.71500000
   17.64750000      14.93250000       4.07250000
   16.29000000      10.86000000       5.43000000
   17.64750000      12.21750000       6.78750000
   19.00500000      13.57500000       5.43000000
   20.36250000      14.93250000       6.78750000
   19.00500000      10.86000000       8.14500000
   20.36250000      12.21750000       9.50250000
   16.29000000      13.57500000       8.14500000
   17.64750000      14.93250000       9.50250000
   16.29000000      10.86000000      10.86000000
   17.64750000      12.21750000      12.21750000
   19.00500000      13.57500000      10.86000000
   20.36250000      14.93250000      12.21750000
   19.00500000      10.86000000      13.57500000
   20.36250000      12.21750000      14.93250000
   16.29000000      13.57500000      13.57500000
   17.64750000      14.93250000      14.93250000
   16.29000000      10.86000000      16.29000000
   17.64750000      12.21750000      17.64750000
   19.00500000      13.57500000      16.29000000
   20.36250000      14.93250000      17.64750000
   19.00500000      10.86000000      19.00500000
   20.36250000      12.21750000      20.36250000
   16.29000000      13.57500000      19.00500000
   17.64750000      14.93250000      20.36250000
   16.29000000      10.86000000      21.72000000
   17.64750000      12.21750000      23.07750000
   19.00500000      13.57500000      21.72000000
   20.36250000      14.93250000      23.07750000
   19.00500000      10.86000000      24.43500000
   20.36250000      12.21750000      25.79250000
   16.29000000      13.57500000      24.43500000
   17.64750000      14.93250000      25.79250000
   16.29000000      16.29000000       0.00000000
   17.64750000      17.64750000       1.35750000
   19.00500000      19.00500000       0.00000000
   20.36250000      20.36250000       1.35750000
   19.00500000      16.29000000       2.71500000
   20.36250000      17.64750000       4.07250000
   16.29000000      19.00500000       2.71500000
   17.64750000      20.36250000       4.07250000
   16.29000000      16.29000000       5.43000000
   17.64750000      17.64750000       6.78750000
   19.00500000      19.00500000       5.43000000
   20.36250000      20.36250000       6.78750000
   19.00500000      16.29000000       8.14500000
   20.36250000      17.64750000       9.50250000
   16.29000000      19.00500000       8.14500000
   17.64750000      20.36250000       9.50250000
   16.29000000      16.29000000      10.86000000
   17.64750000      17.64750000      12.21750000
   19.00500000      19.00500000      10.86000000
   20.36250000      20.36250000      12.21750000
   19.00500000      16.29000000      13.57500000
   20.36250000      17.64750000      14.93250000
   16.29000000      19.00500000      13.57500000
   17.64750000      20.36250000      14.93250000
   16.29000000      16.29000000      16.29000000
   17.64750000      17.64750000      17.64750000
   19.00500000      19.00500000      16.29000000
   20.36250000      20.36250000      17.64750000
   19.00500000      16.29000000      19.00500000
   20.36250000      17.64750000      20.36250000
   16.29000000      19.00500000      19.00500000
   17.64750000      20.36250000      20.36250000
   16.29000000      16.29000000      21.72000000
   17.64750000      17.64750000      23.07750000
   19.00500000      19.00500000      21.72000000
   20.36250000      20.36250000      23.07750000
   19.00500000      16.29000000      24.43500000
   20.36250000      17.64750000      25.79250000
   16.29000000      19.00500000      24.43500000
   17.64750000      20.36250000      25.79250000
   16.29000000      21.72000000       0.00000000
   17.64750000      23.07750000       1.35750000
   19.00500000      24.43500000       0.00000000
   20.36250000      25.79250000       1.35750000
   19.00500000      21.72000000       2.71500000
   20.36250000      23.07750000       4.07250000
   16.29000000      24.43500000       2.71500000
   17.64750000      25.79250000       4.07250000
   16.29000000      21.72000000       5.43000000
   17.64750000      23.07750000       6.78750000
   19.00500000      24.43500000       5.43000000
   20.36250000      25.79250000       6.78750000
   19.00500000      21.72000000       8.14500000
   20.36250000      23.07750000       9.50250000
   16.29000000      24.43500000       8.14500000
   17.64750000      25.79250000       9.50250000
   16.29000000      21.72000000      10.86000000
   17.64750000      23.07750000      12.21750000
   19.00500000      24.43500000      10.86000000
   20.36250000      25.79250000      12.21750000
   19.00500000      21.72000000      13.57500000
   20.36250000      23.07750000      14.93250000
   16.29000000      24.43500000      13.57500000
   17.64750000      25.79250000      14.93250000
   16.29000000      21.72000000      16.29000000
   17.64750000      23.07750000      17.64750000
   19.00500000      24.43500000      16.29000000
   20.36250000      25.79250000      17.64750000
   19.00500000      21.72000000      19.00500000
   20.36250000      23.07750000      20.36250000
   16.29000000      24.43500000      19.00500000
   17.64750000      25.79250000      20.36250000
   16.29000000      21.72000000      21.72000000
   17.64750000      23.07750000      23.07750000
   19.00500000      24.43500000      21.72000000
   20.36250000      25.79250000      23.07750000
   19.00500000      21.72000000      24.43500000
   20.36250000      23.07750000      25.79250000
   16.29000000      24.43500000      24.43500000
   17.64750000      25.79250000      25.79250000
   21.72000000       0.00000000       0.00000000
   23.07750000       1.35750000       1.35750000
   24.43500000       2.71500000       0.00000000
   25.79250000       4.07250000       1.35750000
   24.43500000       0.00000000       2.71500000
   25.79250000       1.35750000       4.07250000
   21.72000000       2.71500000       2.71500000
   23.07750000       4.07250000       4.07250000
   21.72000000       0.00000000       5.43000000
   23.07750000       1.35750000       6.78750000
   24.43500000       2.71500000       5.43000000
   25.79250000       4.07250000       6.78750000
   24.43500000       0.00000000       8.14500000
   25.79250000       1.35750000       9.50250000
   21.72000000       2.71500000       8.14500000
   23.07750000       4.07250000       9.50250000
   21.72000000       0.00000000      10.86000000
   23.07750000       1.35750000      12.21750000
   24.43500000       2.71500000      10.86000000
   25.79250000       4.07250000      12.21750000
   24.43500000       0.00000000      13.57500000
   25.79250000       1.35750000      14.93250000
   21.72000000       2.71500000      13.57500000
   23.07750000       4.07250000      14.93250000
   21.72000000       0.00000000      16.29000000
   23.07750000       1.35750000      17.64750000
   24.43500000       2.71500000      16.29000000
   25.79250000       4.07250000      17.64750000
   24.43500000       0.00000000      19.00500000
   25.79250000       1.35750000      20.36250000
   21.72000000       2.71500000      19.00500000
   23.07750000       4.07250000      20.36250000
   21.72000000       0.00000000      21.72000000
   23.07750000       1.35750000      23.07750000
   24.43500000       2.71500000      21.72000000
   25.79250000       4.07250000      23.07750000
   24.43500000       0.00000000      24.43500000
   25.79250000       1.35750000      25.79250000
   21.72000000       2.71500000      24.43500000
   23.07750000       4.07250000      25.79250000
   21.72000000       5.43000000       0.00000000
   23.07750000       6.78750000       1.35750000
   24.43500000       8.14500000       0.00000000
   25.79250000       9.50250000       1.35750000
   24.43500000       5.43000000       2.71500000
   25.79250000       6.78750000       4.07250000
   21.72000000       8.14500000       2.71500000
   23.07750000       9.50250000       4.07250000
   21.72000000       5.43000000       5.43000000
   23.07750000       6.78750000       6.78750000
   24.43500000       8.14500000       5.43000000
   25.79250000       9.50250000       6.78750000
   24.43500000       5.43000000       8.14500000
   25.79250000       6.78750000       9.50250000
   21.72000000       8.14500000       8.14500000
   23.07750000       9.50250000       9.50250000
   21.72000000       5.43000000      10.86000000
   23.07750000       6.78750000      12.21750000
   24.43500000       8.14500000      10.86000000
   25.79250000       9.50250000      12.21750000
   24.43500000       5.43000000      13.57500000
   25.79250000       6.78750000      14.93250000
   21.72000000       8.14500000      13.57500000
   23.07750000       9.50250000      14.93250000
   21.72000000       5.43000000      16.29000000
   23.07750000       6.78750000      17.64750000
   24.43500000       8.14500000      16.29000000
   25.79250000       9.50250000      17.64750000
   24.43500000       5.43000000      19.00500000
   25.79250000       6.78750000      20.36250000
   21.72000000       8.14500000      19.00500000
   23.07750000       9.50250000      20.36250000
   21.72000000       5.43000000      21.72000000
   23.07750000       6.78750000      23.07750000
   24.43500000       8.14500000      21.72000000
   25.79250000       9.50250000      23.07750000
   24.43500000       5.43000000      24.43500000
   25.79250000       6.78750000      25.79250000
   21.72000000       8.14500000      24.43500000
   23.07750000       9.50250000      25.79250000
   21.72000000      10.86000000       0.00000000
   23.07750000      12.21750000       1.35750000
   24.43500000      13.57500000       0.00000000
   25.79250000      14.93250000       1.35750000
   24.43500000      10.86000000       2.71500000
   25.79250000      12.21750000       4.07250000
   21.72000000      13.57500000       2.71500000
   23.07750000      14.93250000       4.07250000
   21.72000000      10.86000000       5.43000000
   23.07750000      12.21750000       6.78750000
   24.43500000      13.57500000       5.43000000
   25.79250000      14.93250000       6.78750000
   24.43500000      10.86000000       8.14500000
   25.79250000      12.21750000       9.50250000
   21.72000000      13.57500000       8.14500000
   23.07750000      14.93250000       9.50250000
   21.72000000      10.86000000      10.86000000
   23.07750000      12.21750000      12.21750000
   24.43500000      13.57500000      10.86000000
   25.79250000      14.93250000      12.21750000
   24.43500000      10.86000000      13.57500000
   25.79250000      12.21750000      14.93250000
   21.72000000      13.57500000      13.57500000
   23.07750000      14.93250000      14.93250000
   21.72000000      10.86000000      16.29000000
   23.07750000      12.21750000      17.64750000
   24.43500000      13.57500000      16.29000000
   25.79250000      14.93250000      17.64750000
   24.43500000      10.86000000      19.00500000
   25.79250000      12.21750000      20.36250000
   21.72000000      13.57500000      19.00500000
   23.07750000      14.93250000      20.36250000
   21.72000000      10.86000000      21.72000000
   23.07750000      12.21750000      23.07750000
   24.43500000      13.57500000      21.72000000
   25.79250000      14.93250000      23.07750000
   24.43500000      10.86000000      24.43500000
   25.79250000      12.21750000      25.79250000
   21.72000000      13.57500000      24.43500000
   23.07750000      14.93250000      25.79250000
   21.72000000      16.29000000       0.00000000
   23.07750000      17.64750000       1.35750000
   24.43500000      19.00500000       0.00000000
   25.79250000      20.36250000       1.35750000
   24.43500000      16.29000000       2.71500000
   25.79250000      17.64750000       4.07250000
   21.72000000      19.00500000       2.71500000
   23.07750000      20.36250000       4.07250000
   21.72000000      16.29000000       5.43000000
   23.07750000      17.64750000       6.78750000
   24.43500000      19.00500000       5.43000000
   25.79250000      20.36250000       6.78750000
   24.43500000      16.29000000       8.14500000
   25.79250000      17.64750000       9.50250000
   21.72000000      19.00500000       8.14500000
   23.07750000      20.36250000       9.50250000
   21.72000000      16.29000000      10.86000000
   23.07750000      17.64750000      12.21750000
   24.43500000      19.00500000      10.86000000
   25.79250000      20.36250000      12.21750000
   24.43500000      16.29000000      13.57500000
   25.79250000      17.64750000      14.93250000
   21.72000000      19.00500000      13.57500000
   23.07750000      20.36250000      14.93250000
   21.72000000      16.29000000      16.29000000
   23.07750000      17.64750000      17.64750000
   24.43500000      19.00500000      16.29000000
   25.79250000      20.36250000      17.64750000
   24.43500000      16.29000000      19.00500000
   25.79250000      17.64750000      20.36250000
   21.72000000      19.00500000      19.00500000
   23.07750000      20.36250000      20.36250000
   21.72000000      16.29000000      21.72000000
   23.07750000      17.64750000      23.07750000
   24.43500000      19.00500000      21.72000000
   25.79250000      20.36250000      23.07750000
   24.43500000      16.29000000      24.43500000
   25.79250000      17.64750000      25.79250000
   21.72000000      19.00500000      24.43500000
   23.07750000      20.36250000      25.79250000
   21.72000000      21.72000000       0.00000000
   23.07750000      23.07750000       1.35750000
   24.43500000      24.43500000       0.00000000
   25.79250000      25.79250000       1.35750000
   24.43500000      21.72000000       2.71500000
   25.79250000      23.07750000       4.07250000
   21.72000000      24.43500000       2.71500000
   23.07750000      25.79250000       4.07250000
   21.72000000      21.72000000       5.43000000
   23.07750000      23.07750000       6.78750000
   24.43500000      24.43500000       5.43000000
   25.79250000      25.79250000       6.78750000
   24.43500000      21.72000000       8.14500000
   25.79250000      23.07750000       9.50250000
   21.72000000      24.43500000       8.14500000
   23.07750000      25.79250000       9.50250000
   21.72000000      21.72000000      10.86000000
   23.07750000      23.07750000      12.21750000
   24.43500000      24.43500000      10.86000000
   25.79250000      25.79250000      12.21750000
   24.43500000      21.72000000      13.57500000
   25.79250000      23.07750000      14.93250000
   21.72000000      24.43500000      13.57500000
   23.07750000      25.79250000      14.93250000
   21.72000000      21.72000000      16.29000000
   23.07750000      23.07750000      17.64750000
   24.43500000      24.43500000      16.29000000
   25.79250000      25.79250000      17.64750000
   24.43500000      21.72000000      19.00500000
   25.79250000      23.07750000      20.36250000
   21.72000000      24.43500000      19.00500000
   23.07750000      25.79250000      20.36250000
   21.72000000      21.72000000      21.72000000
   23.07750000      23.07750000      23.07750000
   24.43500000      24.43500000      21.72000000
   25.79250000      25.79250000      23.07750000
   24.43500000      21.72000000      24.43500000
   25.79250000      23.07750000      25.79250000
   21.72000000      24.43500000      24.43500000
   23.07750000      25.79250000      25.79250000
end atom_angstrom
