# H2O system

temperature:            300
extra_states:           8

xc_type:                PBE

ecut_wavefunction:      30

begin upf_file
  ../../pp_ONCV/H_ONCV_PBE-1.2.upf
  ../../pp_ONCV/O_ONCV_PBE-1.2.upf
end upf_file

begin super_cell
   60.093290774796159326 60.093290774796159326 60.093290774796159326
end super_cell

atom_types_num:        2

atom_type:              1
begin atom_crystal
 0.0829366 0.080613 0.0510626
 0.0553228 0.0494154 0.0785707
 0.0414165 0.0316218 0.0159647
 0.108976 0.14354 0.0986788
 0.00322876 0.0959144 0.0461606
 0.166608 0.0783864 0.0676346
 0.15877 0.119973 0.0538595
 0.228677 0.0643254 0.0874465
 0.13708 0.0675786 0.00430852
 0.239828 0.12181 0.0544619
 0.275903 0.12408 0.0889046
 0.202013 0.0532671 0.122982
 0.310821 0.0919776 0.0223025
 0.360112 0.128746 0.0286498
 0.405514 0.0398896 0.12097
 0.429688 0.0103621 0.0914081
 0.397915 0.153191 0.0273285
 0.402182 0.118522 0.11113
 0.506693 0.105444 0.106176
 0.465084 0.0968163 0.129924
 0.518947 0.048702 0.139911
 0.544529 0.00696132 0.040637
 0.496482 0.0736277 0.0130867
 0.559476 0.0281305 0.999511
 0.618531 0.11184 0.0596147
 0.655649 0.0810765 0.056162
 0.709074 0.0763774 0.151663
 0.721149 0.126246 0.151468
 0.646438 0.122491 0.147834
 0.62035 0.0640802 0.0102452
 0.738591 0.0809711 0.0838315
 0.829722 0.138343 0.113238
 0.856808 0.0997887 0.108641
 0.78154 0.0583147 0.121484
 0.772523 0.0851928 0.0519076
 0.794999 0.0139584 0.0719606
 0.963805 0.124064 0.0595426
 0.929356 0.0571549 0.0719969
 0.901828 0.0299581 0.108169
 0.918461 0.00117206 0.0295113
 0.959541 0.0905622 0.984699
 0.0865594 0.195238 0.066912
 0.0862074 0.256775 0.054609
 0.085731 0.187196 0.020192
 0.0869122 0.167116 0.135733
 0.990578 0.195498 0.0260731
 0.202595 0.183729 0.0411102
 0.195408 0.180001 0.089602
 0.205867 0.250044 0.0158584
 0.149798 0.285588 0.0422749
 0.261489 0.17659 0.142883
 0.21898 0.233853 0.140476
 0.320504 0.218159 0.0513548
 0.375142 0.257713 0.0684331
 0.353967 0.186806 0.0690626
 0.301158 0.191318 0.114858
 0.401069 0.275012 0.0273646
 0.518211 0.222907 0.0156494
 0.485371 0.235861 0.0746693
 0.444161 0.258178 0.0922606
 0.506532 0.277853 0.103521
 0.486835 0.226675 0.151155
 0.479946 0.249764 0.999547
 0.447865 0.184509 0.00100836
 0.584635 0.146657 0.110906
 0.575335 0.159899 0.0628026
 0.678121 0.267698 0.0342334
 0.708851 0.218382 0.109065
 0.664207 0.265091 0.104384
 0.597118 0.289063 0.0312571
 0.581386 0.224103 0.00929755
 0.715535 0.157945 0.0373622
 0.720789 0.280696 0.0255575
 0.755301 0.198356 0.102912
 0.819449 0.235271 0.105711
 0.981626 0.24129 0.104131
 0.869969 0.277384 0.100476
 0.863281 0.163153 0.0651889
 0.965116 0.182189 0.115124
 0.925101 0.162536 0.0930901
 0.873697 0.20853 0.0669553
 0.989484 0.264085 0.0278809
 0.0138694 0.174415 0.991289
 0.112631 0.275868 0.0925604
 0.071082 0.373846 0.0326223
 0.138148 0.401285 0.00704142
 0.0231339 0.370895 0.0139986
 0.041263 0.420912 0.0755698
 0.0225753 0.346893 0.0850573
 0.0202367 0.33001 0.132478
 0.261259 0.357715 0.0688874
 0.193844 0.396364 0.0495584
 0.246461 0.381004 0.109536
 0.172716 0.301571 0.00375983
 0.229896 0.309475 0.125174
 0.357472 0.384974 0.086363
 0.39037 0.329695 0.054566
 0.360586 0.352416 0.0244979
 0.305964 0.414381 0.139602
 0.377375 0.407982 0.128101
 0.54464 0.311702 0.0908222
 0.418075 0.400627 0.0447087
 0.519303 0.411769 0.0928722
 0.489969 0.400472 0.027455
 0.532799 0.413263 0.0095172
 0.555968 0.345744 0.0262525
 0.434232 0.429578 0.107837
 0.597455 0.342507 0.0560313
 0.657061 0.369169 0.09201
 0.668294 0.330166 0.0635535
 0.843538 0.27806 0.060474
 0.747024 0.353207 0.0837547
 0.794546 0.368653 0.122741
 0.842431 0.384419 0.113204
 0.740736 0.325566 0.145875
 0.726523 0.387279 0.111882
 0.780341 0.368806 0.0266326
 0.992774 0.294762 0.0658393
 0.862123 0.404725 0.0455514
 0.925479 0.299368 0.0340788
 0.889466 0.311516 -6.665e-06
 0.894757 0.337355 0.127694
 0.891944 0.367672 0.0501047
 0.121198 0.496351 0.096525
 0.00542769 0.56349 0.0992466
 0.125936 0.560098 0.0282614
 0.0482217 0.46088 0.104598
 0.0929009 0.564129 0.0663008
 0.0467582 0.484612 -5.57984e-05
 0.176929 0.441408 0.0505905
 0.178796 0.510587 0.0713607
 0.19883 0.480407 0.101006
 0.266656 0.513235 0.110886
 0.260072 0.470115 0.135504
 0.291546 0.5264 0.0305345
 0.324682 0.502128 0.056616
 0.365118 0.453345 0.0844129
 0.397074 0.478865 0.0604075
 0.327131 0.584585 0.0693279
 0.344105 0.511303 0.131225
 0.534858 0.430986 0.135044
 0.437698 0.433581 0.0162293
 0.484263 0.496115 0.0859425
 0.442354 0.497883 0.111068
 0.506082 0.579041 0.127737
 0.577099 0.45532 0.089148
 0.595938 0.466692 0.0463674
 0.595507 0.509508 0.113078
 0.647823 0.439931 0.100604
 0.570046 0.543278 0.139878
 0.6483 0.516176 0.0529734
 0.672308 0.557039 0.0467236
 0.612833 0.557746 0.00733649
 0.72995 0.54721 0.126386
 0.749958 0.519129 0.0910863
 0.862183 0.53105 0.126955
 0.815142 0.543808 0.117245
 0.824133 0.434505 0.994964
 0.919193 0.428237 0.0828185
 0.963948 0.444841 0.0859352
 0.899184 0.470357 0.140594
 0.95523 0.508758 0.112828
 0.0538324 0.576894 0.106203
 0.0311521 0.64265 0.085783
 0.1239 0.618538 0.132329
 0.0270264 0.702037 0.141168
 0.0232867 0.585839 0.0360516
 0.140261 0.628064 0.0108107
 0.189364 0.581301 0.115723
 0.167516 0.590142 0.0754722
 0.221995 0.615949 0.0440454
 0.175315 0.669695 0.121117
 0.235727 0.71114 0.0933723
 0.244994 0.659123 0.0291073
 0.142954 0.713129 0.99075
 0.293567 0.618785 0.0549617
 0.35988 0.668083 0.000767048
 0.325824 0.658568 0.106371
 0.351992 0.627372 0.0237297
 0.292459 0.686577 0.129107
 0.477303 0.626217 0.0748682
 0.467667 0.680222 0.0447519
 0.541664 0.672083 0.0562343
 0.458349 0.581121 0.0861187
 0.474442 0.639367 0.0141203
 0.563237 0.691811 0.095855
 0.70461 0.625819 0.0577761
 0.624414 0.597472 0.0849866
 0.603581 0.639857 0.0740816
 0.655706 0.666654 0.0608367
 0.684077 0.586211 0.113875
 0.833257 0.603579 0.0272713
 0.849704 0.671147 0.113573
 0.716318 0.702859 0.126207
 0.741898 0.600662 0.0409702
 0.791545 0.651179 0.011239
 0.986175 0.705052 0.0669385
 0.987843 0.649589 0.108212
 0.85019 0.570884 0.0635706
 0.862098 0.635529 0.0766055
 0.910713 0.63794 0.122706
 0.880623 0.709162 0.0602535
 0.939357 0.596176 0.117205
 0.0329882 0.808349 0.087336
 0.0930615 0.783558 0.0528935
 0.122641 0.807336 0.0264528
 0.0957364 0.80318 0.128994
 0.0717076 0.75842 0.12705
 0.0112571 0.814571 0.0136282
 0.207073 0.726118 0.026124
 0.254806 0.741984 0.0309804
 0.137198 0.753329 0.0148255
 0.20565 0.849503 0.138951
 0.263967 0.803225 0.0690536
 0.331155 0.799038 0.0958351
 0.286816 0.806595 0.0266338
 0.389639 0.772046 0.108293
 0.359403 0.732008 0.106222
 0.465964 0.747426 0.067718
 0.422502 0.72941 0.0539712
 0.532921 0.782708 0.0678192
 0.472953 0.8098 0.115252
 0.551329 0.841973 0.0632326
 0.543602 0.796545 0.114151
 0.554018 0.733143 0.0362207
 0.443952 0.856718 0.0864301
 0.561029 0.770759 0.00191116
 0.66988 0.733891 0.0186672
 0.662344 0.844377 0.106297
 0.624565 0.828084 0.134773
 0.696004 0.843362 0.0458263
 0.686644 0.800663 0.0652794
 0.594442 0.821542 0.995181
 0.814769 0.709145 0.0107156
 0.77502 0.725447 0.0728955
 0.830087 0.832765 0.0126027
 0.823572 0.812416 0.0796302
 0.780459 0.819024 0.0550551
 0.785858 0.736091 0.120183
 0.979775 0.701142 0.0226856
 0.997199 0.778733 0.0718407
 0.87086 0.777119 0.132395
 0.874672 0.770207 0.0817909
 0.919093 0.73476 0.0505376
 0.880024 0.847113 0.107641
 0.968153 0.811302 0.145856
 0.0372376 0.99788 0.118737
 0.0677431 0.912427 0.00923455
 0.0955871 0.899146 0.0810502
 0.111594 0.930849 0.017068
 0.127266 0.869248 0.0205793
 0.0204131 0.996066 0.0355853
 0.113643 0.911752 0.125694
 0.207916 0.988293 0.079423
 0.173112 0.858967 0.040879
 0.238258 0.861149 0.066202
 0.224341 0.904456 0.083118
 0.18055 0.970048 0.0450338
 0.153283 0.980215 0.128274
 0.347671 0.990622 0.0801523
 0.319436 0.983181 0.0407168
 0.386597 0.994316 0.0187278
 0.415361 0.895037 0.0807668
 0.358071 0.924116 0.0703922
 0.357338 0.877566 0.0906522
 0.429821 0.997151 0.995111
 0.470742 0.884772 0.0218272
 0.516491 0.928303 0.117477
 0.481325 0.898717 0.108378
 0.553816 0.998278 0.115703
 0.516125 0.88738 0.000977133
 0.495128 0.988018 0.987215
 0.585401 0.877165 0.0536202
 0.622747 0.909641 0.0961998
 0.574538 0.961294 0.0864488
 0.638743 0.920584 0.0513854
 0.766639 0.913879 0.111642
 0.794755 0.876632 0.092513
 0.803998 0.967286 0.0840878
 0.808643 0.969162 0.0139766
 0.962004 0.98578 0.105007
 0.996262 0.873239 0.0873874
 0.985149 0.898081 0.0478152
 0.978185 0.937431 0.0962395
 0.919301 0.86972 0.0934678
 0.875417 0.901398 0.0564996
 0.912556 0.953602 0.0243087
 0.860634 0.922029 0.0127346
 0.877417 0.917351 0.147328
 0.867164 0.0107992 0.165117
 0.0349491 0.100501 0.180069
 0.0555112 0.0371346 0.144891
 0.10936 0.986095 0.12731
 0.00463906 0.134098 0.275202
 0.181261 0.0324921 0.171162
 0.223599 0.049852 0.184232
 0.281111 0.0612994 0.227311
 0.156811 0.144872 0.173775
 0.249229 0.110625 0.281408
 0.207594 0.0211289 0.24759
 0.316802 0.0877171 0.169768
 0.290902 0.0198375 0.2028
 0.406259 0.0216956 0.231322
 0.38182 0.0994004 0.151641
 0.328182 0.135553 0.166818
 0.355389 0.129128 0.239594
 0.323875 0.0875923 0.278631
 0.525375 0.015034 0.180514
 0.472613 0.0919036 0.241774
 0.453473 0.0825755 0.196665
 0.565414 0.0269285 0.26284
 0.559944 0.0684469 0.194888
 0.550554 0.117462 0.206786
 0.67204 0.01988 0.179284
 0.607409 0.117029 0.1777
 0.591209 0.104889 0.272788
 0.713623 0.0312424 0.200616
 0.712797 0.0423958 0.270365
 0.779384 0.079228 0.165973
 0.842515 0.0493595 0.154792
 0.727331 0.0861341 0.246232
 0.821254 0.0199327 0.28047
 0.77487 0.0288463 0.271267
 0.809572 0.121083 0.276171
 0.842461 0.134567 0.210122
 0.833805 0.0768515 0.268076
 0.00377864 0.0661581 0.192478
 0.89988 0.0478361 0.250625
 0.91451 0.0550122 0.188963
 0.940691 0.0866003 0.21547
 0.956964 0.137054 0.163975
 0.886589 0.107132 0.283686
 0.0565935 0.176794 0.196542
 0.0259568 0.194987 0.163768
 0.0881969 0.218601 0.233155
 0.13063 0.194507 0.224704
 0.196662 0.150243 0.20623
 0.189166 0.197324 0.162563
 0.18382 0.271858 0.271399
 0.410474 0.289969 0.206801
 0.511955 0.149172 0.254027
 0.515308 0.187525 0.203999
 0.474555 0.236332 0.195559
 0.562592 0.180337 0.218463
 0.454835 0.285449 0.231979
 0.469702 0.192285 0.277458
 0.692621 0.130131 0.275414
 0.618042 0.207708 0.266124
 0.69088 0.215091 0.204264
 0.6385 0.261008 0.146169
 0.618983 0.177832 0.190906
 0.60761 0.225696 0.195141
 0.702129 0.1561 0.238334
 0.813442 0.218619 0.150946
 0.716697 0.19963 0.167141
 0.843833 0.166469 0.171749
 0.804507 0.241707 0.213018
 0.768697 0.209081 0.211205
 0.803195 0.194617 0.279845
 0.97925 0.245183 0.154127
 0.915319 0.135581 0.186144
 0.987719 0.159755 0.241041
 0.950743 0.282182 0.208464
 0.888441 0.235867 0.257452
 0.142149 0.317714 0.235812
 0.114808 0.341137 0.168744
 0.061891 0.434665 0.200731
 0.11663 0.302478 0.277174
 0.0421347 0.389697 0.29158
 0.157175 0.359771 0.185643
 0.198301 0.29453 0.158674
 0.25658 0.284458 0.250706
 0.268753 0.306459 0.209504
 0.211955 0.414953 0.201244
 0.274387 0.426167 0.176298
 0.32009 0.318535 0.251887
 0.378083 0.367954 0.212217
 0.404368 0.404975 0.219955
 0.439245 0.40549 0.14824
 0.461105 0.326522 0.174645
 0.497255 0.33085 0.138468
 0.508868 0.386844 0.173011
 0.54343 0.395499 0.203121
 0.615755 0.365948 0.236496
 0.569307 0.284788 0.156211
 0.603275 0.296331 0.195394
 0.576535 0.343367 0.255897
 0.715248 0.284954 0.155697
 0.684296 0.362848 0.261724
 0.667488 0.424108 0.223213
 0.724862 0.328137 0.212271
 0.790906 0.296481 0.176559
 0.821917 0.312747 0.211086
 0.743973 0.368134 0.230579
 0.827649 0.377804 0.23763
 0.803353 0.396603 0.171299
 0.775693 0.42937 0.196033
 0.863122 0.30648 0.148175
 0.943505 0.301947 0.166314
 0.97587 0.373396 0.247667
 0.976328 0.414 0.184117
 0.940411 0.342153 0.235092
 0.884203 0.305897 0.25745
 0.917526 0.295015 0.286569
 0.102647 0.50966 0.139709
 0.00957106 0.433296 0.155063
 0.100979 0.424977 0.230585
 0.104972 0.490154 0.200176
 0.00306824 0.518513 0.219549
 0.0424127 0.540225 0.268879
 0.0730255 0.550413 0.229403
 0.983663 0.477381 0.199599
 0.140442 0.527283 0.192306
 0.216183 0.535284 0.160259
 0.174227 0.437709 0.189348
 0.267888 0.427434 0.254041
 0.197648 0.575382 0.181852
 0.270615 0.468115 0.23191
 0.291804 0.550573 0.23924
 0.291538 0.551283 0.19036
 0.343676 0.502705 0.179467
 0.396609 0.573893 0.184551
 0.360724 0.563482 0.280717
 0.507271 0.469263 0.188011
 0.496464 0.482442 0.229002
 0.506278 0.547527 0.166595
 0.455982 0.449606 0.279885
 0.658771 0.423839 0.146613
 0.639691 0.459742 0.207484
 0.568299 0.495554 0.214269
 0.600287 0.513727 0.182261
 0.686109 0.524867 0.278981
 0.644112 0.520049 0.258672
 0.756688 0.488523 0.16824
 0.713782 0.474194 0.184006
 0.839556 0.505496 0.210274
 0.823081 0.551345 0.212127
 0.744353 0.480732 0.256879
 0.880191 0.447422 0.178844
 0.964925 0.528585 0.155443
 0.889783 0.52634 0.245556
 0.934591 0.531524 0.231006
 0.141847 0.683001 0.152731
 0.0786581 0.624199 0.195758
 0.0524902 0.607312 0.234604
 0.0993593 0.652996 0.26472
 0.0249538 0.686307 0.232325
 0.119968 0.566171 0.136251
 0.112586 0.73589 0.224165
 0.249317 0.590522 0.219146
 0.240126 0.636642 0.201584
 0.230985 0.719173 0.142824
 0.208924 0.634176 0.266255
 0.369321 0.675872 0.163162
 0.36862 0.6912 0.228907
 0.405113 0.646038 0.181082
 0.40069 0.607731 0.258379
 0.50804 0.600135 0.197981
 0.440689 0.587536 0.206255
 0.505423 0.606426 0.243086
 0.450902 0.695352 0.190157
 0.536193 0.706163 0.162181
 0.476694 0.662689 0.212009
 0.65533 0.563094 0.14425
 0.688591 0.593661 0.19186
 0.68567 0.594231 0.239909
 0.5851 0.693654 0.164871
 0.640095 0.642074 0.201197
 0.65423 0.674177 0.168026
 0.736654 0.641992 0.217266
 0.825997 0.590156 0.157358
 0.781195 0.641899 0.192939
 0.720159 0.671127 0.164562
 0.813117 0.702844 0.185171
 0.851406 0.612527 0.195923
 0.780637 0.696154 0.24986
 0.8532 0.725775 0.173666
 0.904982 0.593207 0.220837
 0.914841 0.666928 0.234345
 0.914815 0.620242 0.180649
 0.983464 0.710287 0.241813
 0.0242207 0.723154 0.186404
 0.092449 0.70991 0.187883
 0.057522 0.741803 0.261567
 0.0799826 0.835543 0.190954
 0.00733976 0.862191 0.24703
 0.16259 0.839185 0.163688
 0.181219 0.738071 0.204553
 0.202943 0.776838 0.183832
 0.255753 0.748038 0.225228
 0.273339 0.777303 0.2617
 0.201809 0.845334 0.217935
 0.233882 0.823811 0.284128
 0.311952 0.821602 0.132789
 0.33456 0.725262 0.243829
 0.382336 0.803864 0.192597
 0.395172 0.758147 0.208942
 0.334784 0.849667 0.22376
 0.493558 0.849592 0.222152
 0.488337 0.737108 0.249116
 0.432483 0.810879 0.143597
 0.549294 0.786853 0.242549
 0.472343 0.781786 0.250164
 0.575518 0.800373 0.182279
 0.503551 0.863442 0.175496
 0.639127 0.706766 0.219705
 0.584614 0.818158 0.254762
 0.584872 0.76459 0.153719
 0.619902 0.746873 0.238799
 0.69092 0.757045 0.267171
 0.704046 0.800458 0.278344
 0.724223 0.849971 0.181316
 0.738207 0.791627 0.217714
 0.746856 0.778653 0.172959
 0.819355 0.791053 0.220086
 0.833518 0.826405 0.19307
 0.763333 0.733168 0.275521
 0.777414 0.839292 0.27646
 0.922407 0.715387 0.225752
 0.882112 0.771316 0.197809
 0.925303 0.769724 0.180254
 0.97876 0.815628 0.193746
 0.0861018 0.861706 0.149777
 0.114401 0.956413 0.205649
 0.00969024 0.871913 0.19994
 0.0597083 0.99597 0.266099
 0.0139496 0.983221 0.281575
 0.122341 0.921456 0.265879
 0.144189 0.977817 0.235926
 0.180645 0.859452 0.258795
 0.241191 0.983882 0.240442
 0.366442 0.995001 0.239254
 0.380795 0.922565 0.139417
 0.310786 0.957801 0.231682
 0.406723 0.941497 0.175821
 0.364002 0.8654 0.187566
 0.332843 0.951429 0.190123
 0.449757 0.992803 0.160407
 0.478262 0.952344 0.165527
 0.530073 0.990233 0.25612
 0.567625 0.87344 0.196797
 0.477651 0.953995 0.236133
 0.493477 0.924885 0.273752
 0.59996 0.982598 0.207307
 0.679977 0.86218 0.161813
 0.588519 0.916854 0.193412
 0.589048 0.886501 0.261776
 0.708575 0.922571 0.153871
 0.641811 0.958426 0.211737
 0.62395 0.865894 0.287037
 0.665851 0.895049 0.225582
 0.695809 0.920119 0.251359
 0.809334 0.887563 0.153664
 0.72635 0.965885 0.134116
 0.763307 0.906602 0.267804
 0.772153 0.954557 0.259432
 0.794366 0.901712 0.200042
 0.865491 0.936949 0.186479
 0.977059 0.934675 0.155679
 0.973608 0.944162 0.240997
 0.941702 0.905556 0.17654
 0.865485 0.976567 0.258737
 0.964025 0.926421 0.283023
 0.908058 0.953062 0.269817
 0.0257143 0.0550882 0.295853
 0.0647679 0.106958 0.311985
 0.145815 0.111542 0.337095
 0.987373 0.0680942 0.316825
 0.211729 0.124138 0.307622
 0.176165 0.126145 0.370681
 0.190171 0.0496273 0.358759
 0.282529 0.00807979 0.365764
 0.268237 0.135761 0.418375
 0.165983 0.0233496 0.391565
 0.231503 0.994735 0.403876
 0.297531 0.0516996 0.298563
 0.330048 0.0160606 0.351217
 0.402739 0.0203471 0.350865
 0.412603 0.11417 0.305773
 0.379824 0.994913 0.384354
 0.51755 0.123369 0.296659
 0.441489 0.0541591 0.315763
 0.564896 0.0299412 0.337674
 0.43042 0.118245 0.385765
 0.441303 0.0117202 0.287777
 0.49974 0.00857201 0.341481
 0.518766 0.0290443 0.415474
 0.457641 0.119873 0.31833
 0.602533 0.0856538 0.313477
 0.659837 0.0426048 0.328893
 0.605943 0.0110544 0.316334
 0.705717 0.0531219 0.346638
 0.714512 0.120815 0.391634
 0.697739 0.0819735 0.403595
 0.785404 0.0814426 0.396774
 0.825138 0.104192 0.414759
 0.835561 0.0272941 0.395399
 0.897902 0.0326578 0.30032
 0.962111 0.0969052 0.414322
 0.949725 0.0508794 0.362098
 0.942011 0.00234343 0.347769
 0.896644 0.126086 0.410895
 0.909407 0.136481 0.317745
 0.0950718 0.144782 0.392066
 0.083118 0.145461 0.290612
 0.0440507 0.265611 0.311615
 0.0902855 0.283717 0.367265
 0.0233263 0.19145 0.403841
 0.249879 0.17223 0.318189
 0.21355 0.237975 0.298473
 0.239022 0.215537 0.383616
 0.281827 0.20474 0.331846
 0.255403 0.223135 0.426144
 0.239759 0.290743 0.318925
 0.253733 0.283192 0.364497
 0.351897 0.147668 0.286411
 0.372854 0.289643 0.276396
 0.347753 0.221615 0.309203
 0.349547 0.191007 0.350408
 0.340927 0.160127 0.420495
 0.386515 0.165645 0.399141
 0.329991 0.231328 0.421569
 0.319959 0.275186 0.435375
 0.389025 0.273194 0.319814
 0.433579 0.225899 0.277406
 0.465853 0.15044 0.398971
 0.479403 0.255709 0.3964
 0.443962 0.234771 0.41952
 0.541076 0.174183 0.415933
 0.575649 0.231033 0.38223
 0.511356 0.205804 0.430582
 0.614465 0.17991 0.30556
 0.686868 0.229381 0.309177
 0.612081 0.234185 0.349397
 0.632309 0.221528 0.416294
 0.717279 0.191379 0.376584
 0.692171 0.184683 0.420921
 0.720651 0.249307 0.331215
 0.760444 0.176485 0.294269
 0.844524 0.249149 0.308161
 0.801045 0.177566 0.355816
 0.827988 0.249868 0.353588
 0.777767 0.169686 0.399781
 0.802342 0.23738 0.411089
 0.99649 0.205437 0.297812
 0.989922 0.211646 0.344758
 0.870505 0.261757 0.414048
 0.865884 0.163687 0.408379
 0.879747 0.191601 0.276427
 0.960037 0.270032 0.33058
 0.908399 0.263469 0.380648
 0.981161 0.198211 0.425752
 0.0423109 0.316046 0.308309
 0.00541233 0.392374 0.319162
 0.0605154 0.370089 0.412481
 0.0240155 0.338297 0.407389
 0.136091 0.385679 0.282284
 0.160088 0.309872 0.402751
 0.0790599 0.305528 0.408516
 0.221786 0.407337 0.30465
 0.18825 0.346172 0.285564
 0.197648 0.347338 0.33256
 0.270438 0.340382 0.389043
 0.152171 0.348522 0.427091
 0.34535 0.350049 0.2774
 0.356117 0.319323 0.404379
 0.31609 0.339147 0.43172
 0.41529 0.331968 0.358313
 0.418453 0.290622 0.380827
 0.406252 0.399346 0.316869
 0.473112 0.363307 0.33285
 0.475473 0.369324 0.379874
 0.545971 0.351978 0.405786
 0.54945 0.389238 0.307747
 0.567348 0.352156 0.329111
 0.594578 0.302749 0.374954
 0.605343 0.348034 0.39917
 0.662436 0.377592 0.420455
 0.664755 0.398429 0.289879
 0.63312 0.413319 0.360646
 0.758214 0.312405 0.293526
 0.782127 0.294727 0.330607
 0.823906 0.35202 0.279131
 0.725389 0.338219 0.372618
 0.700435 0.324165 0.410336
 0.798622 0.384235 0.373314
 0.755634 0.389066 0.397336
 0.859667 0.335485 0.3526
 0.907956 0.405613 0.287408
 0.943749 0.312654 0.353147
 0.949086 0.363537 0.401661
 0.871049 0.380353 0.335986
 0.903765 0.408273 0.382821
 0.952084 0.446065 0.332553
 0.12529 0.42912 0.299564
 0.133714 0.537261 0.373275
 0.0486171 0.470192 0.2757
 0.0657314 0.52034 0.350809
 0.0467001 0.535699 0.392521
 0.124518 0.445104 0.419861
 0.0742728 0.437264 0.414258
 0.190245 0.459729 0.296623
 0.163106 0.493386 0.32217
 0.179121 0.558258 0.370595
 0.269588 0.458004 0.407681
 0.249299 0.437936 0.331902
 0.253635 0.483708 0.372339
 0.260786 0.577535 0.370391
 0.303453 0.569356 0.345369
 0.316257 0.472301 0.352405
 0.378495 0.438068 0.303737
 0.3636 0.475985 0.358513
 0.340755 0.517859 0.294311
 0.392214 0.452865 0.423999
 0.469668 0.496491 0.294203
 0.438327 0.519158 0.400514
 0.439381 0.566552 0.398475
 0.452341 0.541762 0.338949
 0.54357 0.445386 0.3725
 0.519196 0.456722 0.330146
 0.474805 0.570112 0.305038
 0.570785 0.521293 0.323867
 0.611127 0.549787 0.310936
 0.603423 0.440923 0.335944
 0.656489 0.470311 0.357977
 0.650542 0.510969 0.383775
 0.689178 0.459996 0.408678
 0.844433 0.505257 0.279303
 0.748684 0.482103 0.306786
 0.742831 0.490619 0.378594
 0.770673 0.451532 0.368778
 0.853432 0.547454 0.405423
 0.816331 0.517196 0.395373
 0.824729 0.488617 0.320555
 0.0162252 0.470857 0.308994
 0.882528 0.442805 0.30606
 0.988537 0.456967 0.361902
 0.926611 0.436437 0.416145
 0.898985 0.52081 0.345453
 0.969612 0.539687 0.391469
 0.943865 0.515421 0.327683
 0.906008 0.506889 0.431379
 0.111536 0.694311 0.2855
 0.0930007 0.635276 0.342663
 0.0705439 0.593642 0.360202
 0.0424223 0.65456 0.387042
 0.0136306 0.695219 0.380274
 0.180705 0.653014 0.296503
 0.208851 0.613757 0.340063
 0.211342 0.623397 0.388434
 0.249705 0.670992 0.300838
 0.24745 0.704861 0.353037
 0.278879 0.70843 0.287637
 0.199644 0.692673 0.414952
 0.305531 0.589592 0.409257
 0.376681 0.696189 0.295794
 0.39467 0.65568 0.313121
 0.416202 0.588046 0.301443
 0.329099 0.633623 0.418201
 0.381878 0.609595 0.381494
 0.362585 0.679608 0.371045
 0.316281 0.685409 0.362945
 0.414772 0.622046 0.416651
 0.544564 0.581151 0.30673
 0.523822 0.626297 0.314976
 0.513503 0.697803 0.342522
 0.532193 0.666664 0.368864
 0.618098 0.578045 0.363368
 0.705348 0.590172 0.379026
 0.615679 0.598922 0.405747
 0.59076 0.697118 0.333447
 0.631514 0.718681 0.389093
 0.725098 0.630137 0.398354
 0.786977 0.584232 0.304251
 0.766662 0.601831 0.345867
 0.826343 0.65533 0.318157
 0.82947 0.695428 0.293101
 0.859348 0.608611 0.371384
 0.895219 0.689693 0.40115
 0.868984 0.694617 0.361529
 0.0830924 0.75466 0.303685
 0.0166445 0.722876 0.319057
 0.040544 0.77545 0.351056
 0.0954925 0.793316 0.388935
 0.0627732 0.821332 0.341016
 0.245177 0.808723 0.327347
 0.169186 0.795676 0.387522
 0.203661 0.798801 0.418258
 0.230956 0.748138 0.365961
 0.320986 0.855509 0.431712
 0.396316 0.846431 0.426671
 0.308127 0.846245 0.306445
 0.434192 0.715244 0.337794
 0.437814 0.826129 0.413902
 0.48686 0.845106 0.291325
 0.471751 0.735914 0.314495
 0.464019 0.76171 0.382509
 0.545008 0.815436 0.378078
 0.495457 0.78633 0.41015
 0.524516 0.845998 0.407586
 0.624226 0.718979 0.304467
 0.678917 0.83555 0.334359
 0.669073 0.785813 0.405229
 0.597061 0.823392 0.338187
 0.599685 0.773924 0.338004
 0.660849 0.832301 0.415846
 0.873402 0.813952 0.261398
 0.85145 0.762415 0.396519
 0.745098 0.807814 0.383867
 0.809695 0.792869 0.401802
 0.708245 0.854083 0.302141
 0.774063 0.839083 0.408224
 0.971427 0.747972 0.326424
 0.889427 0.793224 0.303209
 0.920441 0.730675 0.29488
 0.902622 0.739897 0.33799
 0.878538 0.817671 0.439742
 0.891603 0.843143 0.332035
 0.902305 0.854489 0.380409
 0.0545137 0.963978 0.335682
 0.00498312 0.881166 0.315431
 0.0728212 0.896924 0.347808
 0.0870155 0.870279 0.306184
 0.0924434 0.981923 0.393164
 0.0363076 0.952621 0.38264
 0.208839 0.854713 0.385523
 0.151057 0.911696 0.305953
 0.191334 0.966796 0.333993
 0.210882 0.897188 0.36083
 0.219652 0.941322 0.302358
 0.263232 0.891129 0.392137
 0.269485 0.961754 0.405684
 0.354342 0.864773 0.307354
 0.408787 0.882558 0.353705
 0.409422 0.922641 0.324023
 0.288672 0.974114 0.302286
 0.305093 0.927012 0.295706
 0.307976 0.886008 0.365736
 0.341203 0.927141 0.419955
 0.448931 0.876756 0.291888
 0.528695 0.975538 0.356205
 0.565667 0.90305 0.332016
 0.528558 0.913347 0.406795
 0.636441 0.944364 0.303019
 0.666866 0.980495 0.320752
 0.586089 0.930744 0.366465
 0.630462 0.959585 0.403065
 0.792841 0.869589 0.312849
 0.818325 0.982781 0.38347
 0.849201 0.892586 0.33595
 0.759542 0.966877 0.338525
 0.790526 0.935194 0.352141
 0.847076 0.921813 0.298995
 0.88802 0.97281 0.369252
 0.956432 0.867952 0.316492
 0.908498 0.929402 0.366385
 0.0250205 0.121451 0.449294
 0.0962159 0.0934729 0.442444
 0.0909936 0.0664013 0.484792
 0.105489 0.0304839 0.545063
 0.104286 0.0224714 0.419473
 0.0151146 0.0841718 0.481359
 0.13735 0.0628502 0.564871
 0.0028067 0.01451 0.516068
 0.0254389 0.997658 0.478045
 0.19724 0.123706 0.444183
 0.152802 0.0881936 0.473357
 0.17746 0.117677 0.507867
 0.271827 0.104814 0.566499
 0.224258 0.00377402 0.530106
 0.262998 0.0757105 0.525221
 0.253073 0.0602216 0.449934
 0.296242 0.11049 0.445748
 0.2925 0.0404683 0.463624
 0.402947 0.082991 0.536581
 0.408032 0.0505367 0.422546
 0.406236 0.0457708 0.472091
 0.396263 0.0343713 0.544226
 0.488492 0.0612341 0.439041
 0.56723 0.107272 0.43514
 0.551417 0.0263738 0.464197
 0.571379 0.136104 0.475837
 0.642052 0.0442622 0.54056
 0.620412 0.0275731 0.499539
 0.682149 0.0594426 0.47942
 0.723146 0.0851958 0.474682
 0.738621 0.138513 0.521015
 0.780701 0.114936 0.512781
 0.806097 0.0127051 0.493385
 0.75137 0.0766404 0.565698
 0.735899 0.0205903 0.490318
 0.850545 0.135331 0.474651
 0.745683 0.0295693 0.558344
 0.922066 0.0766163 0.431454
 0.876889 0.042766 0.478414
 0.868824 0.108966 0.511037
 0.923687 0.0431778 0.491963
 0.924861 0.0352132 0.556683
 0.0813665 0.172203 0.432306
 0.0814311 0.241382 0.441085
 0.118067 0.216446 0.45987
 0.0504397 0.212011 0.511291
 0.0126751 0.191059 0.535009
 0.209697 0.168516 0.418976
 0.162411 0.145369 0.575491
 0.205593 0.16219 0.559691
 0.177225 0.209471 0.497573
 0.188804 0.224074 0.452662
 0.208266 0.267446 0.54151
 0.244143 0.237269 0.533077
 0.281988 0.177578 0.559854
 0.296114 0.219796 0.479189
 0.277799 0.17255 0.488609
 0.40965 0.179552 0.467614
 0.414884 0.217202 0.496758
 0.400092 0.285091 0.525884
 0.414643 0.147804 0.529574
 0.55004 0.161874 0.550936
 0.475033 0.207322 0.484088
 0.526189 0.193924 0.491186
 0.706177 0.262237 0.435368
 0.593337 0.174963 0.532513
 0.621927 0.180363 0.441883
 0.647875 0.243018 0.542361
 0.698536 0.203835 0.53304
 0.650049 0.222537 0.4965
 0.744807 0.204337 0.522594
 0.80532 0.236252 0.522506
 0.772408 0.272901 0.518018
 0.796602 0.257353 0.45327
 0.854822 0.175815 0.532831
 0.975505 0.144321 0.500026
 0.960002 0.151268 0.548284
 0.932569 0.243611 0.450918
 0.951709 0.211282 0.483304
 0.97609 0.279246 0.487216
 0.872495 0.222418 0.544617
 0.93655 0.257698 0.556594
 0.0681254 0.297654 0.501021
 0.0828928 0.307945 0.544775
 0.992343 0.371109 0.477498
 0.105331 0.354287 0.508535
 0.112122 0.397212 0.470883
 0.134311 0.400254 0.519053
 0.0272047 0.428914 0.519642
 0.00950295 0.428766 0.433492
 0.234587 0.353206 0.413936
 0.279789 0.297097 0.530279
 0.18429 0.410832 0.567088
 0.247636 0.405512 0.553013
 0.38956 0.291821 0.477462
 0.326448 0.299404 0.518067
 0.31138 0.37067 0.51826
 0.344727 0.398532 0.498342
 0.386424 0.383007 0.447898
 0.422972 0.402287 0.471021
 0.332158 0.297828 0.596274
 0.513223 0.275914 0.481091
 0.472476 0.290525 0.463006
 0.541444 0.410943 0.428601
 0.516147 0.338562 0.439944
 0.466277 0.358396 0.502714
 0.464899 0.406514 0.51457
 0.631294 0.407152 0.448622
 0.592515 0.282993 0.57394
 0.619735 0.331096 0.525119
 0.609749 0.375529 0.543627
 0.665446 0.378407 0.506857
 0.705926 0.404105 0.522458
 0.73195 0.354481 0.495482
 0.712513 0.29427 0.467563
 0.725973 0.321932 0.555308
 0.778837 0.34286 0.503778
 0.82335 0.408067 0.491767
 0.860414 0.379647 0.507765
 0.821954 0.385642 0.563651
 0.990374 0.3387 0.562771
 0.950641 0.307587 0.508985
 0.955127 0.325836 0.429653
 0.923164 0.399962 0.470486
 0.974399 0.411388 0.494103
 0.0109695 0.474433 0.419414
 0.0692998 0.45631 0.530094
 0.1278 0.489046 0.486625
 0.0990936 0.518657 0.512248
 0.0661453 0.566875 0.567952
 0.15693 0.511995 0.55451
 0.171782 0.497004 0.417807
 0.188425 0.503786 0.465721
 0.241157 0.546861 0.509601
 0.244018 0.499688 0.496412
 0.204615 0.506254 0.550168
 0.29846 0.486539 0.464306
 0.285978 0.438146 0.471385
 0.363054 0.495207 0.424485
 0.406755 0.496439 0.533388
 0.358477 0.524008 0.494407
 0.419455 0.542482 0.523632
 0.323533 0.555661 0.476078
 0.346461 0.555905 0.560508
 0.311429 0.58499 0.544086
 0.492981 0.522458 0.446311
 0.481551 0.47749 0.509556
 0.520104 0.480616 0.451458
 0.576619 0.527649 0.524998
 0.53997 0.535708 0.496147
 0.488502 0.463946 0.555785
 0.576054 0.446504 0.441812
 0.644722 0.555378 0.43204
 0.627924 0.488387 0.473231
 0.618278 0.464852 0.516111
 0.704525 0.426272 0.442213
 0.670917 0.554328 0.473206
 0.718092 0.529447 0.555582
 0.805925 0.434873 0.431906
 0.833108 0.476431 0.439376
 0.781785 0.551492 0.471692
 0.777952 0.483431 0.46604
 0.73315 0.500285 0.454183
 0.749472 0.50595 0.524615
 0.745594 0.450385 0.575068
 0.8539 0.472407 0.545299
 0.917013 0.426722 0.506725
 0.90397 0.494148 0.475455
 0.880607 0.509763 0.54032
 0.986317 0.559991 0.432327
 0.996824 0.635617 0.44056
 0.091386 0.626567 0.494219
 0.0480218 0.60449 0.48849
 0.0566615 0.647412 0.537272
 0.108958 0.69531 0.477476
 0.0594357 0.71045 0.436996
 0.221497 0.672885 0.452202
 0.153007 0.669977 0.467717
 0.254622 0.620896 0.522617
 0.151752 0.679218 0.531669
 0.276076 0.622624 0.476358
 0.439442 0.673127 0.468714
 0.454 0.609651 0.557112
 0.496877 0.662132 0.430771
 0.44352 0.627469 0.486835
 0.517571 0.64733 0.581985
 0.571525 0.625856 0.440476
 0.536025 0.685824 0.55579
 0.486871 0.576826 0.54041
 0.450409 0.678804 0.574819
 0.582637 0.594496 0.474251
 0.532818 0.696248 0.43115
 0.704508 0.703328 0.431027
 0.622571 0.660137 0.480046
 0.640035 0.695867 0.511596
 0.702898 0.61256 0.569858
 0.699198 0.624023 0.469897
 0.641567 0.718585 0.43774
 0.810727 0.583333 0.456147
 0.734555 0.595694 0.488265
 0.7519 0.693577 0.433824
 0.823375 0.616769 0.504688
 0.835707 0.700201 0.457361
 0.834689 0.656828 0.528542
 0.880058 0.624737 0.412538
 0.872273 0.597175 0.546871
 0.891315 0.652356 0.482275
 0.965755 0.61504 0.471868
 0.929938 0.679087 0.467606
 0.99012 0.680555 0.515828
 0.115798 0.801214 0.435917
 0.092827 0.746954 0.438307
 0.0427478 0.754928 0.476086
 0.115097 0.77896 0.532832
 0.0104321 0.823183 0.493898
 0.132012 0.82253 0.51368
 0.0286076 0.756592 0.523569
 0.0732008 0.846649 0.486337
 0.251008 0.737544 0.46677
 0.296201 0.716267 0.464563
 0.198567 0.778705 0.485875
 0.230615 0.813715 0.484132
 0.25021 0.863147 0.535658
 0.188001 0.783221 0.551421
 0.345237 0.729874 0.423155
 0.283031 0.712754 0.522034
 0.403489 0.736688 0.469212
 0.341574 0.842545 0.474468
 0.342506 0.767652 0.450572
 0.401278 0.801293 0.578569
 0.448475 0.751209 0.4507
 0.297876 0.733115 0.563106
 0.557481 0.773201 0.437511
 0.439665 0.867165 0.474876
 0.448354 0.778699 0.574074
 0.450136 0.736825 0.516887
 0.548297 0.738591 0.496346
 0.495405 0.741429 0.540942
 0.447845 0.84381 0.51664
 0.590833 0.744735 0.430598
 0.57173 0.758074 0.533619
 0.799551 0.718129 0.543659
 0.816094 0.742931 0.449494
 0.909645 0.854816 0.462254
 0.979141 0.723577 0.494876
 0.860048 0.870108 0.557182
 0.0183159 0.865321 0.516101
 0.0692272 0.976415 0.555091
 0.0300237 0.922168 0.454286
 0.104358 0.882752 0.474318
 0.110475 0.955365 0.44949
 0.116337 0.943635 0.495599
 0.0263751 0.908131 0.569302
 0.224947 0.883629 0.497242
 0.226017 0.959531 0.51448
 0.176624 0.921217 0.469899
 0.213986 0.910788 0.441819
 0.176501 0.889326 0.538717
 0.263281 0.915842 0.569212
 0.376512 0.876783 0.533691
 0.346336 0.963364 0.453797
 0.339477 0.0057388 0.510121
 0.29224 0.98859 0.515362
 0.330003 0.874808 0.54539
 0.422336 0.956405 0.444083
 0.495442 0.916073 0.435511
 0.455005 0.961658 0.511403
 0.454455 0.993878 0.442111
 0.528194 0.936006 0.538589
 0.561988 0.993279 0.500228
 0.570259 0.94762 0.570701
 0.458392 0.915507 0.524761
 0.596378 0.973204 0.437199
 0.607725 0.891245 0.435692
 0.586863 0.847997 0.441328
 0.610906 0.861986 0.501686
 0.666671 0.979931 0.521874
 0.664963 0.930806 0.510991
 0.660174 0.88316 0.585611
 0.591832 0.893834 0.536059
 0.846984 0.872642 0.449503
 0.836141 0.998023 0.457764
 0.797317 0.898211 0.51083
 0.816397 0.927584 0.543818
 0.735109 0.974461 0.512796
 0.822194 0.911598 0.431979
 0.928672 0.957793 0.42286
 0.960577 0.86319 0.492055
 0.923067 0.869061 0.518721
 0.852307 0.984873 0.533076
 0.989783 0.953246 0.44098
 0.845576 0.995711 0.577811
 0.927768 0.937827 0.466352
 0.918769 0.994771 0.535651
 0.982378 0.964908 0.546812
 0.0636071 0.0979739 0.579853
 0.0429636 0.139641 0.595363
 0.106591 0.135414 0.618718
 0.00495633 0.997815 0.659938
 0.137468 0.103438 0.639391
 0.19658 0.0580183 0.62243
 0.213585 0.0709594 0.580817
 0.226895 0.0481675 0.697028
 0.175741 0.0493318 0.696331
 0.225178 0.109885 0.707406
 0.404135 0.133382 0.575609
 0.30279 0.0324936 0.590573
 0.315074 0.0384411 0.635087
 0.300452 0.0961187 0.677099
 0.35323 0.112418 0.636683
 0.374922 0.978744 0.587129
 0.349185 0.0775119 0.692433
 0.44579 0.0717728 0.672314
 0.518671 0.115759 0.598105
 0.493807 0.0755838 0.660725
 0.551567 0.0568783 0.625666
 0.512637 0.0351458 0.611291
 0.572421 0.140718 0.716896
 0.442043 0.00787018 0.69057
 0.601935 0.0617843 0.678227
 0.600502 0.0999102 0.645822
 0.677146 0.0297643 0.596674
 0.638161 0.0470146 0.619521
 0.67869 0.0978068 0.694242
 0.710957 0.129886 0.63719
 0.71815 0.0865677 0.619961
 0.83975 0.0709215 0.646772
 0.730163 0.0589318 0.719235
 0.796406 0.0192244 0.640385
 0.754854 0.0204059 0.707972
 0.817028 0.122998 0.611896
 0.936728 0.0944681 0.59352
 0.985172 0.103578 0.600762
 0.854917 0.0649611 0.598843
 0.911536 0.0447551 0.616678
 0.947742 0.111797 0.658761
 0.886956 0.0298186 0.705742
 0.92891 0.00373117 0.692976
 0.981012 0.0527601 0.701961
 0.0660052 0.206355 0.587408
 0.0397098 0.224295 0.702744
 0.0897214 0.207845 0.628673
 0.0367023 0.263941 0.672226
 0.128519 0.265811 0.6717
 0.0524397 0.17001 0.670809
 0.0137705 0.148927 0.692601
 0.157499 0.166842 0.678459
 0.194071 0.177144 0.699289
 0.235935 0.251365 0.617082
 0.163937 0.244111 0.645751
 0.22651 0.25357 0.668408
 0.276 0.161932 0.605817
 0.28779 0.27847 0.711816
 0.374874 0.275363 0.600971
 0.274594 0.168879 0.678583
 0.358361 0.158066 0.633951
 0.304715 0.20737 0.668079
 0.338646 0.253294 0.650044
 0.360738 0.250087 0.695444
 0.485126 0.137086 0.569158
 0.445084 0.25701 0.701486
 0.464217 0.125359 0.674507
 0.432499 0.214857 0.68375
 0.435573 0.278197 0.630534
 0.510799 0.272334 0.578909
 0.482478 0.156935 0.641396
 0.543269 0.258372 0.612072
 0.552201 0.236127 0.680112
 0.509401 0.214496 0.663649
 0.616509 0.174184 0.667824
 0.569155 0.178978 0.657646
 0.678177 0.202199 0.735108
 0.72615 0.186069 0.593973
 0.763141 0.169499 0.618211
 0.731906 0.210021 0.683752
 0.832976 0.166998 0.588986
 0.82687 0.180396 0.666677
 0.771462 0.225902 0.711157
 0.00316803 0.23173 0.587003
 0.989611 0.2774 0.60252
 0.885336 0.261338 0.633422
 0.860925 0.207787 0.687923
 0.895501 0.27793 0.570814
 0.94041 0.223411 0.638239
 0.929504 0.246552 0.682244
 0.979473 0.279581 0.710797
 0.0595353 0.305509 0.608663
 0.100991 0.283966 0.609319
 0.0763916 0.37857 0.661852
 0.0660006 0.407605 0.593994
 0.109933 0.380252 0.593741
 0.18473 0.294266 0.600947
 0.174961 0.337243 0.623218
 0.17898 0.33838 0.697603
 0.257484 0.373319 0.670342
 0.183585 0.381454 0.684014
 0.271157 0.417479 0.67569
 0.329392 0.390906 0.569339
 0.386713 0.375657 0.612265
 0.326464 0.369403 0.698218
 0.322136 0.398084 0.621181
 0.376927 0.362785 0.706517
 0.426639 0.320905 0.608519
 0.432448 0.387946 0.594131
 0.533805 0.315395 0.64894
 0.473497 0.410005 0.692673
 0.50985 0.388238 0.670951
 0.430459 0.365504 0.674295
 0.446783 0.345496 0.716799
 0.529569 0.427843 0.729883
 0.564631 0.327993 0.68883
 0.628311 0.299624 0.598023
 0.659659 0.361388 0.643842
 0.626788 0.328347 0.660319
 0.697132 0.317023 0.595323
 0.839205 0.286651 0.627121
 0.707531 0.410757 0.622583
 0.781981 0.329475 0.660913
 0.768622 0.311855 0.616212
 0.809013 0.364599 0.604399
 0.767575 0.410127 0.586118
 0.724045 0.38697 0.66384
 0.979404 0.350118 0.608224
 0.938064 0.34167 0.667981
 0.91217 0.342063 0.627101
 0.931819 0.414479 0.669222
 0.00565671 0.472078 0.573861
 0.0297077 0.497098 0.607696
 0.00417469 0.480182 0.669307
 0.151453 0.447489 0.561722
 0.235532 0.431095 0.593993
 0.232989 0.471164 0.665565
 0.183142 0.530378 0.621118
 0.272055 0.479489 0.637681
 0.174191 0.524117 0.66767
 0.235769 0.570375 0.636666
 0.164672 0.468677 0.718155
 0.300245 0.54717 0.635983
 0.444048 0.543745 0.609293
 0.451992 0.534846 0.657356
 0.32857 0.523651 0.669253
 0.391106 0.513573 0.706676
 0.51879 0.445351 0.627105
 0.502523 0.491165 0.611803
 0.51222 0.597398 0.726453
 0.546338 0.570767 0.666233
 0.585064 0.480555 0.589394
 0.626134 0.506324 0.60082
 0.696497 0.435803 0.696139
 0.664227 0.545398 0.694596
 0.621112 0.560208 0.648129
 0.871529 0.566819 0.583737
 0.83704 0.428714 0.623022
 0.82759 0.494904 0.613856
 0.79061 0.516895 0.587209
 0.807449 0.556963 0.645953
 0.837578 0.423732 0.699701
 0.944697 0.457577 0.687964
 0.878259 0.448418 0.648487
 0.977828 0.547644 0.605053
 0.940533 0.575447 0.584694
 0.00264206 0.496981 0.717068
 0.0891181 0.563934 0.611199
 0.0454022 0.653437 0.582583
 0.110961 0.630284 0.657306
 0.140024 0.586726 0.654504
 0.105914 0.706189 0.630243
 0.0383176 0.614988 0.649679
 0.0118979 0.673117 0.645517
 0.146827 0.689257 0.607847
 0.157376 0.720737 0.67135
 0.264281 0.668043 0.572352
 0.214291 0.658873 0.571636
 0.274443 0.681488 0.6324
 0.258668 0.60302 0.613418
 0.176589 0.712455 0.555357
 0.257491 0.600368 0.694425
 0.407372 0.653164 0.58261
 0.335618 0.669017 0.575137
 0.34688 0.621549 0.588621
 0.371946 0.678 0.651678
 0.332073 0.697113 0.671818
 0.497734 0.581219 0.622758
 0.537267 0.586791 0.595313
 0.493343 0.663805 0.674579
 0.559348 0.662162 0.669882
 0.45803 0.673362 0.640995
 0.433658 0.644526 0.711898
 0.567547 0.591537 0.700493
 0.67667 0.675366 0.574434
 0.660281 0.585061 0.626709
 0.675774 0.727173 0.584782
 0.576869 0.673359 0.603036
 0.620261 0.69209 0.61415
 0.71729 0.628931 0.683987
 0.600923 0.715006 0.691187
 0.817071 0.70753 0.588842
 0.710272 0.627178 0.614563
 0.761005 0.607328 0.670934
 0.765981 0.671689 0.690013
 0.8353 0.585742 0.671506
 0.756464 0.718602 0.701063
 0.00590751 0.607295 0.612318
 0.889769 0.706836 0.668316
 0.900434 0.6524 0.671122
 0.876119 0.635121 0.630587
 0.964995 0.695225 0.662361
 0.910782 0.713926 0.714443
 0.01998 0.734948 0.687388
 0.0464079 0.76809 0.573392
 0.0669884 0.726914 0.548636
 0.107501 0.828438 0.583931
 0.0256893 0.778101 0.711639
 0.0568485 0.837098 0.706785
 0.111223 0.840823 0.663764
 0.0155544 0.842209 0.688405
 0.128347 0.849148 0.708873
 0.242898 0.702312 0.660002
 0.263741 0.790238 0.563879
 0.202131 0.772984 0.593954
 0.238721 0.808567 0.652772
 0.193882 0.791817 0.658978
 0.291696 0.789391 0.604963
 0.308744 0.79698 0.690988
 0.281639 0.758681 0.672909
 0.409283 0.728758 0.681514
 0.45322 0.827998 0.626128
 0.462096 0.796039 0.663936
 0.533864 0.826996 0.647932
 0.546086 0.779937 0.652687
 0.532587 0.723999 0.713453
 0.61181 0.821708 0.55596
 0.654953 0.790654 0.616641
 0.58953 0.800898 0.595632
 0.704213 0.787054 0.627149
 0.62137 0.736913 0.729867
 0.696587 0.849788 0.683285
 0.658467 0.848008 0.710118
 0.690582 0.749139 0.683394
 0.70204 0.788657 0.703197
 0.81367 0.712711 0.665795
 0.75013 0.863977 0.630628
 0.768302 0.827463 0.660004
 0.846047 0.743686 0.650019
 0.849797 0.802398 0.696766
 0.891564 0.851073 0.584856
 0.989503 0.748614 0.616467
 0.901987 0.832898 0.667299
 0.989092 0.795365 0.608073
 0.962381 0.855272 0.639027
 0.121774 0.874857 0.587723
 0.00437524 0.862963 0.610821
 0.113159 0.9694 0.57155
 0.127068 0.00230408 0.629515
 0.0591837 0.870403 0.581786
 0.115756 0.957582 0.648567
 0.08406 0.902768 0.683864
 0.0035968 0.969261 0.594752
 0.0405536 0.963852 0.649659
 0.073688 0.941507 0.707545
 0.225247 0.966465 0.594341
 0.213678 0.868286 0.661589
 0.189294 0.972619 0.62755
 0.169987 0.923233 0.575777
 0.20896 0.91519 0.657614
 0.27321 0.935655 0.654143
 0.302732 0.96556 0.6306
 0.402417 0.981871 0.678526
 0.294929 0.904487 0.60477
 0.415453 0.966211 0.560263
 0.347953 0.938138 0.670947
 0.464686 0.847962 0.698048
 0.484051 0.972312 0.584193
 0.48345 0.892506 0.702953
 0.506945 0.955269 0.65707
 0.462731 0.999984 0.621333
 0.498311 0.960629 0.70388
 0.565704 0.945063 0.686897
 0.584185 0.848003 0.68629
 0.690761 0.913242 0.607384
 0.622323 0.983646 0.590533
 0.628943 0.935092 0.600938
 0.603235 0.958654 0.661135
 0.604928 0.894587 0.694019
 0.770576 0.917047 0.583821
 0.763339 0.941703 0.621776
 0.80991 0.994834 0.68097
 0.894908 0.882169 0.64985
 0.841192 0.93566 0.64028
 0.877343 0.957626 0.655999
 0.107383 0.0419541 0.723482
 0.0368416 0.0462773 0.73969
 0.0658504 0.0258934 0.769507
 0.0611617 0.117153 0.770621
 0.0336224 0.141235 0.80233
 0.0798703 0.0785745 0.837651
 0.0371169 0.0157216 0.860285
 0.166836 0.0833132 0.752388
 0.105712 0.0449244 0.852939
 0.159498 0.12056 0.783154
 0.247611 0.119705 0.799303
 0.254431 0.0711669 0.790086
 0.159551 0.0458316 0.812248
 0.277471 0.0146651 0.74965
 0.245611 0.14736 0.733062
 0.233156 0.998114 0.742263
 0.252668 0.0441493 0.844091
 0.222232 0.00527584 0.841163
 0.326838 0.0788265 0.804387
 0.372571 0.0681502 0.748879
 0.394456 0.0397646 0.711928
 0.371858 0.131624 0.820595
 0.365334 0.0519429 0.820664
 0.433684 0.0928739 0.764762
 0.4775 0.0924215 0.787494
 0.543528 0.0992127 0.77787
 0.54191 0.0712365 0.819319
 0.500842 0.0272485 0.72951
 0.485903 0.0117252 0.836971
 0.641532 0.0760128 0.723538
 0.591905 0.00513702 0.723845
 0.577804 0.046527 0.745992
 0.627719 0.0344905 0.796308
 0.671567 0.0299647 0.811971
 0.699251 0.0943018 0.768877
 0.585114 0.138621 0.852851
 0.814141 0.0654552 0.725236
 0.844568 0.0707232 0.834635
 0.762454 0.0259848 0.838592
 0.739692 0.0459336 0.801453
 0.727562 0.123403 0.799161
 0.855954 0.0937634 0.720437
 0.889552 0.077017 0.83279
 0.87236 0.00323779 0.810192
 0.95484 0.052175 0.796707
 0.975976 0.0931452 0.805661
 0.937666 0.114717 0.706893
 0.980269 0.0154868 0.733248
 0.106946 0.159484 0.794218
 0.0420636 0.276135 0.75517
 0.0128807 0.248259 0.819767
 0.1316 0.182725 0.760132
 0.0922713 0.254072 0.810521
 0.127541 0.219473 0.820774
 0.203118 0.17484 0.786075
 0.259071 0.265616 0.784565
 0.241306 0.198649 0.798438
 0.268712 0.260038 0.832385
 0.150833 0.277073 0.809864
 0.198072 0.2872 0.805391
 0.388488 0.163132 0.851079
 0.387182 0.198394 0.796404
 0.426432 0.2078 0.766922
 0.361145 0.272145 0.77529
 0.471243 0.155075 0.767854
 0.481419 0.170914 0.724045
 0.544814 0.165093 0.746079
 0.500409 0.202543 0.803017
 0.540632 0.25552 0.811729
 0.500485 0.305738 0.734052
 0.526412 0.185037 0.838948
 0.567278 0.249978 0.751359
 0.452024 0.284736 0.856478
 0.60193 0.222507 0.724642
 0.719374 0.283888 0.721524
 0.657668 0.158592 0.728899
 0.649652 0.130757 0.803146
 0.614429 0.146922 0.780054
 0.787346 0.161116 0.776327
 0.759092 0.197153 0.788609
 0.720423 0.258548 0.806429
 0.764928 0.279515 0.812305
 0.806746 0.150292 0.854559
 0.98631 0.180405 0.838578
 0.893956 0.136845 0.766768
 0.877652 0.155588 0.724808
 0.899664 0.2243 0.821979
 0.942063 0.242492 0.814214
 0.921725 0.146492 0.830836
 0.935048 0.29344 0.731124
 0.871215 0.139229 0.8302
 0.0529655 0.384052 0.704505
 0.111741 0.326344 0.708963
 0.0538157 0.306141 0.792552
 0.0490061 0.378529 0.782509
 0.115852 0.374053 0.808323
 0.10848 0.416148 0.729376
 0.0473718 0.367543 0.831272
 0.13516 0.414414 0.769666
 0.153621 0.34396 0.809978
 0.141106 0.295469 0.73517
 0.21552 0.373367 0.772236
 0.264129 0.379864 0.767583
 0.258674 0.312887 0.730373
 0.142267 0.413958 0.857563
 0.276272 0.334689 0.819861
 0.353197 0.315494 0.749163
 0.325466 0.325454 0.822884
 0.405849 0.315188 0.792107
 0.366983 0.423318 0.733897
 0.280948 0.404187 0.856024
 0.433157 0.421755 0.825627
 0.564812 0.296055 0.804349
 0.532418 0.428265 0.779514
 0.464091 0.297255 0.771503
 0.493807 0.401058 0.83187
 0.437729 0.346208 0.818692
 0.563496 0.360817 0.819447
 0.537131 0.425698 0.845392
 0.603349 0.297767 0.733281
 0.614622 0.347986 0.735475
 0.679414 0.311412 0.71333
 0.601447 0.407364 0.76103
 0.64798 0.413695 0.748793
 0.677836 0.317416 0.794092
 0.638664 0.315155 0.825501
 0.631896 0.409381 0.83028
 0.734537 0.413126 0.773829
 0.736299 0.395226 0.821426
 0.788246 0.381039 0.71012
 0.746534 0.353007 0.713899
 0.784867 0.350449 0.781103
 0.821851 0.325025 0.802666
 0.841064 0.324758 0.745358
 0.88484 0.296892 0.832137
 0.866667 0.332522 0.708108
 0.911973 0.413905 0.74889
 0.899758 0.40026 0.811371
 0.987964 0.383639 0.755561
 0.90295 0.366662 0.755232
 0.882675 0.364624 0.842718
 0.00690335 0.422636 0.72841
 0.0928454 0.504925 0.828756
 0.103845 0.48866 0.766789
 0.106573 0.540381 0.763376
 0.039663 0.525977 0.761771
 0.280593 0.486705 0.778827
 0.197319 0.499564 0.729425
 0.218613 0.537836 0.802672
 0.245111 0.551531 0.759795
 0.292249 0.451336 0.812924
 0.331802 0.571679 0.842657
 0.301955 0.537572 0.825727
 0.340512 0.454028 0.755903
 0.409165 0.458344 0.773218
 0.397509 0.556395 0.7244
 0.391778 0.482828 0.841254
 0.400438 0.569277 0.827693
 0.348069 0.496747 0.861975
 0.445368 0.487982 0.797118
 0.48784 0.535299 0.772195
 0.510558 0.522683 0.811879
 0.583573 0.523201 0.717411
 0.645537 0.52994 0.735679
 0.661057 0.440567 0.851495
 0.576541 0.47787 0.73917
 0.675441 0.471344 0.72664
 0.585669 0.506393 0.799752
 0.617314 0.494116 0.835146
 0.692618 0.501332 0.819642
 0.709001 0.542155 0.769535
 0.832673 0.446178 0.742537
 0.779319 0.447787 0.812958
 0.807511 0.484359 0.798958
 0.841351 0.523653 0.749621
 0.76443 0.53285 0.869834
 0.751328 0.531582 0.789721
 0.797096 0.561565 0.725846
 0.797703 0.574087 0.771019
 0.87339 0.512501 0.782337
 0.986136 0.522562 0.842162
 0.991621 0.534117 0.775626
 0.936585 0.532099 0.834193
 0.019401 0.57609 0.720271
 0.103772 0.590138 0.71873
 0.0415283 0.620584 0.761484
 0.066355 0.681498 0.773955
 0.144286 0.595211 0.747052
 0.107995 0.599513 0.807049
 0.0616228 0.722824 0.75107
 0.021444 0.638287 0.800058
 0.14031 0.713196 0.766148
 0.15302 0.618121 0.822386
 0.286946 0.604287 0.732356
 0.221751 0.617031 0.753379
 0.194226 0.654927 0.766014
 0.293202 0.708469 0.785026
 0.335511 0.637714 0.773027
 0.339374 0.658957 0.727919
 0.392662 0.632281 0.734408
 0.36058 0.686974 0.817962
 0.402014 0.588526 0.784079
 0.33839 0.65403 0.846358
 0.468379 0.605076 0.742228
 0.554367 0.657917 0.71976
 0.566163 0.588658 0.830231
 0.42555 0.672824 0.786227
 0.436281 0.675264 0.830772
 0.523937 0.60658 0.844319
 0.551824 0.626107 0.779959
 0.678676 0.622693 0.736831
 0.655389 0.665682 0.728829
 0.586437 0.660452 0.784973
 0.627595 0.681929 0.845635
 0.660081 0.664029 0.811862
 0.716752 0.710641 0.800042
 0.718249 0.664934 0.850412
 0.810169 0.692986 0.753348
 0.726668 0.625581 0.826013
 0.821284 0.636059 0.796017
 0.834846 0.600128 0.828387
 0.99408 0.614698 0.716218
 0.930265 0.596649 0.819995
 0.955935 0.672343 0.737496
 0.9463 0.650873 0.777071
 0.924831 0.630094 0.852748
 0.125798 0.816666 0.776784
 0.0848697 0.773779 0.80576
 0.0753109 0.801839 0.842495
 0.986921 0.837157 0.799502
 0.152712 0.774969 0.84191
 0.171315 0.728881 0.798623
 0.168609 0.801002 0.757561
 0.248866 0.767649 0.774089
 0.183047 0.730879 0.708938
 0.212171 0.785538 0.806716
 0.24542 0.839792 0.75882
 0.323673 0.73714 0.763825
 0.358883 0.788232 0.760319
 0.39581 0.757304 0.76195
 0.415557 0.741976 0.848088
 0.303526 0.84481 0.747248
 0.35067 0.848927 0.739078
 0.266835 0.758992 0.868322
 0.450056 0.714826 0.694451
 0.518942 0.768615 0.727178
 0.499667 0.835228 0.757522
 0.49946 0.80927 0.800502
 0.558936 0.84305 0.790692
 0.706014 0.745717 0.765704
 0.59243 0.861358 0.761657
 0.650819 0.765834 0.823166
 0.611734 0.791868 0.82241
 0.804799 0.807515 0.734949
 0.821384 0.85092 0.71674
 0.738248 0.776629 0.816234
 0.743677 0.824378 0.82157
 0.809977 0.726751 0.789179
 0.839857 0.799846 0.789841
 0.791372 0.793707 0.800641
 0.890984 0.78004 0.71636
 0.870416 0.713427 0.765676
 0.915869 0.733333 0.781346
 0.970066 0.726454 0.842602
 0.966418 0.776087 0.827689
 0.915591 0.825473 0.787458
 0.990874 0.822803 0.754355
 0.0823081 0.941405 0.788579
 0.0397756 0.962483 0.767672
 0.141016 0.921047 0.821944
 0.137336 0.00525143 0.732383
 0.137161 0.00271115 0.821707
 0.187429 0.872856 0.791776
 0.213996 0.939412 0.728999
 0.207742 0.879669 0.834862
 0.207021 0.946606 0.778501
 0.24725 0.872148 0.720982
 0.280671 0.914118 0.792859
 0.276621 0.950475 0.824817
 0.419034 0.875445 0.739979
 0.374849 0.927407 0.711054
 0.344328 0.98306 0.729291
 0.324087 0.973775 0.769969
 0.403392 0.896946 0.777623
 0.385867 0.907572 0.854545
 0.337405 0.914922 0.850496
 0.454763 0.885177 0.83683
 0.441548 0.931969 0.822466
 0.476091 0.999668 0.766233
 0.438078 0.0137822 0.83371
 0.621103 0.872603 0.825526
 0.668291 0.881217 0.825759
 0.863797 0.918209 0.731021
 0.6971 0.86589 0.760487
 0.732025 0.886189 0.790161
 0.778317 0.959588 0.805523
 0.793418 0.920439 0.832928
 0.820551 0.903985 0.752207
 0.878132 0.859289 0.778825
 0.975685 0.974974 0.803268
 0.935661 0.976459 0.77633
 0.855688 0.958461 0.80256
 0.907757 0.944063 0.849288
 0.0923875 0.0735724 0.951726
 0.0776298 0.0836413 0.907459
 0.0162007 0.0969864 0.912012
 0.0934411 0.142278 0.963667
 0.139853 0.999077 0.994176
 0.249306 0.000109823 0.0196039
 0.160506 0.0503185 0.96385
 0.223473 0.0880766 0.919705
 0.24752 0.0471026 0.916448
 0.186546 0.123834 0.86122
 0.233068 0.136074 0.876308
 0.330093 0.0768139 0.980182
 0.38387 0.0292788 0.887821
 0.401201 0.122969 0.905817
 0.34023 0.0227445 0.939549
 0.378692 0.0317797 0.968421
 0.544807 0.109283 0.866923
 0.493447 0.0647282 0.892307
 0.544909 0.0513522 0.891638
 0.449676 0.136229 0.996762
 0.436933 0.0414402 0.943551
 0.471208 0.076398 0.949847
 0.518037 0.110573 0.987798
 0.560194 0.142524 0.92126
 0.695116 0.0829324 0.857899
 0.621615 0.0533928 0.888015
 0.606365 0.0475645 0.932893
 0.65672 0.105599 0.965347
 0.674082 0.11567 0.923602
 0.582711 0.116095 0.956517
 0.640249 0.0290794 0.979903
 0.709783 0.0485323 0.894283
 0.78389 0.0165465 0.949625
 0.833882 0.00959964 0.922912
 0.840128 0.131488 0.889992
 0.817924 0.113402 0.984469
 0.771657 0.127691 0.995718
 0.764603 0.0586523 0.968123
 0.836247 0.0382774 0.992736
 0.871576 0.0107535 0.978398
 0.994912 0.0321789 0.875655
 0.984945 0.13261 0.858745
 0.9297 0.0545386 0.983017
 0.969904 0.0791313 0.911866
 0.87209 0.0913685 0.940166
 0.033842 0.235106 0.970451
 0.124974 0.180428 0.965862
 0.0530273 0.272812 0.942155
 0.984158 0.27708 0.923188
 0.114124 0.262502 0.886716
 0.135343 0.248167 0.926689
 0.248342 0.225511 1.00025
 0.167597 0.183041 0.915785
 0.190155 0.204385 0.954855
 0.291876 0.212348 0.878694
 0.295843 0.160874 0.902434
 0.263755 0.28659 0.913308
 0.415772 0.157106 0.934155
 0.322131 0.14975 0.973281
 0.329491 0.244049 0.874397
 0.308734 0.156979 0.856787
 0.294576 0.273896 0.973015
 0.308526 0.226403 0.96789
 0.382031 0.22912 0.929127
 0.401105 0.250815 0.888829
 0.34972 0.164439 0.936718
 0.433898 0.277009 0.943697
 0.465047 0.239797 0.863094
 0.709505 0.144457 0.989733
 0.571165 0.180664 0.991654
 0.644579 0.178556 0.867059
 0.642875 0.174059 0.919008
 0.627194 0.252396 0.91838
 0.612335 0.273578 0.986386
 0.589182 0.280452 0.92121
 0.696504 0.217849 0.900162
 0.738208 0.245129 0.951615
 0.743265 0.218402 0.992192
 0.735785 0.239366 0.872693
 0.809337 0.273944 0.972687
 0.890539 0.182445 0.995631
 0.992145 0.25106 0.863035
 0.886481 0.139173 0.940281
 0.904553 0.229803 0.939102
 0.936961 0.182267 0.982679
 0.939813 0.281043 0.903983
 0.878022 0.269867 0.936276
 0.102685 0.391363 0.975433
 0.00972783 0.338791 0.884508
 0.0526938 0.40148 0.919449
 0.0955907 0.412814 0.911585
 0.976668 0.353667 0.950929
 0.223768 0.402171 0.986791
 0.149691 0.339626 0.974253
 0.149357 0.307944 0.936897
 0.231455 0.298383 0.948808
 0.219837 0.366743 0.953073
 0.296922 0.367274 0.973628
 0.360006 0.303995 0.910899
 0.339502 0.350036 0.953633
 0.335101 0.339644 0.887267
 0.347632 0.415572 0.949431
 0.512 0.2786 0.883186
 0.447263 0.31031 0.972857
 0.496518 0.36075 0.984717
 0.476076 0.368844 0.941069
 0.525367 0.313334 0.914381
 0.44247 0.400065 0.869997
 0.518887 0.425832 0.917861
 0.566068 0.32795 0.853087
 0.703431 0.366695 0.928076
 0.688278 0.334343 0.955686
 0.687591 0.386002 0.864677
 0.703239 0.342809 0.855774
 0.595897 0.441192 0.886814
 0.741203 0.345675 0.0138603
 0.82201 0.317598 0.968745
 0.81862 0.38649 0.904558
 0.776381 0.369494 0.928167
 0.826432 0.38829 0.979044
 0.999272 0.385231 0.877069
 0.95831 0.344669 0.994567
 0.857592 0.300731 0.865646
 0.857733 0.424928 0.868223
 0.939147 0.415092 0.871059
 0.957313 0.432601 0.915325
 0.125443 0.455113 0.868519
 0.0657829 0.460185 0.96114
 0.112974 0.519622 0.874926
 0.112982 0.509638 0.989292
 0.0468465 0.499135 0.875738
 0.0901015 0.575726 0.931454
 0.156416 0.522594 0.971056
 0.141851 0.578128 0.871889
 0.261297 0.446444 0.870247
 0.226209 0.432914 0.920607
 0.174038 0.544755 0.886824
 0.259602 0.48523 0.939924
 0.193645 0.451746 0.893241
 0.252067 0.566539 0.86215
 0.286082 0.562729 0.948999
 0.386441 0.530764 0.879455
 0.360586 0.44245 0.911989
 0.40764 0.462116 0.961928
 0.304349 0.475655 0.961337
 0.444037 0.497884 0.964435
 0.477923 0.438132 0.941015
 0.514009 0.52785 0.945437
 0.545895 0.500321 0.925425
 0.443133 0.546068 0.914463
 0.555376 0.477696 0.981684
 0.563654 0.469244 0.865963
 0.679148 0.504067 0.866789
 0.65941 0.434605 0.974469
 0.678477 0.545729 0.920984
 0.594177 0.44894 0.987989
 0.586067 0.550514 0.968553
 0.659675 0.478804 0.956718
 0.819229 0.457755 0.867073
 0.717188 0.515138 0.92551
 0.826346 0.467591 0.941181
 0.855582 0.498967 0.963117
 0.800198 0.546777 0.900196
 0.874205 0.501294 0.860525
 0.875796 0.548607 0.865726
 0.933198 0.478088 0.977104
 0.00768533 0.467643 0.869462
 0.996781 0.522312 0.93027
 0.91177 0.435591 0.981717
 0.00184572 0.553561 0.970499
 0.931259 0.540374 0.968619
 0.893512 0.549556 0.000659572
 0.0862492 0.641513 0.853843
 0.0237015 0.673006 0.866078
 0.00910339 0.623938 0.00818944
 0.127197 0.628231 0.963006
 0.0644752 0.592341 0.972902
 0.0175147 0.701334 0.964208
 0.0785598 0.637979 0.902185
 0.0980969 0.694459 0.894322
 0.135727 0.700806 0.921862
 0.21478 0.58993 0.880369
 0.213029 0.702686 0.929391
 0.238297 0.624628 0.940555
 0.189163 0.628002 0.946436
 0.282977 0.596103 0.983938
 0.388112 0.578281 0.895562
 0.355511 0.653368 0.912312
 0.329122 0.616937 0.914567
 0.409456 0.635284 0.969622
 0.447074 0.573274 0.955681
 0.441992 0.65967 0.940302
 0.45615 0.618858 0.881276
 0.492503 0.655946 0.886291
 0.572083 0.683132 0.990445
 0.633893 0.584878 0.944061
 0.62296 0.6731 0.924706
 0.671391 0.685417 0.916165
 0.647846 0.620088 0.911959
 0.581874 0.638305 0.97378
 0.662747 0.667476 0.0116606
 0.708628 0.602575 0.937282
 0.74884 0.653844 0.919694
 0.748895 0.578394 0.924462
 0.772875 0.619304 0.981569
 0.852635 0.676553 0.934219
 0.838812 0.608926 0.911286
 0.843529 0.671247 0.886192
 0.982099 0.673654 0.951963
 0.923177 0.636546 0.920091
 0.859366 0.567015 0.929169
 0.962367 0.609534 0.924141
 0.973803 0.668985 0.870854
 0.0470406 0.77339 0.963781
 0.0715568 0.743301 0.931335
 0.0614591 0.850058 0.905167
 0.0368816 0.783605 0.903468
 1.98048e-05 0.804198 0.883348
 0.134099 0.864082 0.921178
 0.186025 0.734447 0.958677
 0.164232 0.865726 0.964757
 0.26318 0.842294 0.902838
 0.251238 0.756429 0.912042
 0.182883 0.745491 0.870247
 0.325158 0.818438 0.963621
 0.34409 0.717517 0.897301
 0.336714 0.839538 0.895738
 0.306196 0.803078 0.902432
 0.372006 0.719474 0.938106
 0.372597 0.778403 0.975191
 0.404953 0.754586 0.89253
 0.421574 0.765292 0.976025
 0.448212 0.803971 0.864451
 0.49302 0.822578 0.877397
 0.522995 0.73081 0.887662
 0.491477 0.76078 0.986901
 0.496553 0.730413 0.927258
 0.490938 0.793493 0.952345
 0.563746 0.810668 0.937565
 0.533526 0.851696 0.93927
 0.630868 0.790629 0.987237
 0.70011 0.76036 0.990477
 0.647306 0.80723 0.885069
 0.697198 0.838406 0.932104
 0.769085 0.724681 0.0101086
 0.765948 0.695772 0.905794
 0.820941 0.793922 0.984851
 0.78539 0.769476 0.876119
 0.831281 0.760827 0.891027
 0.775157 0.757927 0.952201
 0.74549 0.794419 0.961908
 0.87536 0.723069 0.9907
 0.915205 0.757134 0.871325
 0.910014 0.787473 0.907862
 0.867524 0.744823 0.949891
 0.976488 0.819546 0.979287
 0.890574 0.82739 0.977747
 0.945388 0.843863 0.912528
 0.0161396 0.871254 0.98991
 0.996298 0.912906 0.972532
 0.0299447 0.974312 0.908675
 0.0450943 0.965757 0.956866
 0.0622506 0.89815 0.906628
 0.115216 0.902688 0.854189
 0.219982 0.855272 0.914962
 0.165961 0.957438 0.882679
 0.175361 0.921316 0.917673
 0.161626 0.964732 0.966279
 0.231342 0.945447 0.883543
 0.251085 0.901653 0.881381
 0.378094 0.988162 0.861957
 0.280493 0.999411 0.980334
 0.290314 0.973217 0.912171
 0.355334 0.846089 0.989535
 0.375251 0.922125 0.932078
 0.32776 0.954115 0.934314
 0.402696 0.914609 0.965701
 0.487668 0.94119 0.973624
 0.629705 0.973964 0.860262
 0.643164 0.932554 0.869848
 0.648796 0.856037 0.882527
 0.704563 0.867702 0.972007
 0.643562 0.907453 0.981746
 0.680065 0.934475 0.983903
 0.70288 1.0006 0.954169
 0.623895 0.874766 0.93022
 0.607485 0.917902 0.92072
 0.668374 0.98271 0.923767
 0.798746 0.86731 0.960404
 0.823764 0.970774 0.895424
 0.825522 0.904894 0.900698
 0.762935 0.889216 0.932938
 0.805878 0.934299 0.979369
 0.860487 0.91307 0.868726
 0.936963 0.866783 0.870582
 0.982857 0.955204 0.935625
 0.921809 0.933042 0.897188
 0.94701 0.959662 0.966713
 0.909472 0.870697 0.970427
end atom_crystal

atom_type:              8
begin atom_crystal
 0.0546833 0.0713051 0.0566929
 0.142142 0.0946071 0.0576596
 0.0592921 0.0194325 0.120936
 0.204583 0.04743 0.0923004
 0.26333 0.105856 0.0668325
 0.279512 0.996676 0.0112333
 0.419446 0.0134684 0.119596
 0.407512 0.0970258 0.13282
 0.37736 0.145114 0.0473544
 0.495236 0.0865789 0.126256
 0.491174 0.101162 0.00117212
 0.534435 0.0249897 0.0159893
 0.579343 0.137277 0.0815199
 0.639015 0.100251 0.0399352
 0.70745 0.104045 0.136339
 0.762285 0.0645406 0.0722892
 0.842462 0.120826 0.0923411
 0.974956 0.106337 0.0368559
 0.923359 0.0297642 0.0842674
 0.871768 0.0382706 0.153212
 0.111541 0.167368 0.117353
 0.0704543 0.203563 0.0413531
 0.0976367 0.282734 0.0669776
 0.979054 0.225747 0.129819
 0.197914 0.161713 0.0634379
 0.207957 0.205424 0.136394
 0.332317 0.209353 0.0777821
 0.290946 0.168906 0.135645
 0.396826 0.27624 0.0585837
 0.488685 0.228736 0.0199955
 0.47021 0.243782 0.100849
 0.567493 0.197963 0.0169741
 0.699664 0.286947 0.0460133
 0.613198 0.263735 0.0167842
 0.667172 0.255649 0.134093
 0.725498 0.191124 0.103836
 0.808456 0.211301 0.121452
 0.861278 0.259571 0.0772545
 0.975399 0.271461 0.0537437
 0.952155 0.155019 0.106247
 0.884827 0.181742 0.0554801
 0.0418476 0.379695 0.0388232
 0.118788 0.378117 0.99936
 0.178436 0.290566 0.0323594
 0.181886 0.418597 0.0302052
 0.236641 0.365137 0.0846458
 0.276955 0.41595 0.146967
 0.37756 0.358589 0.050692
 0.352695 0.40738 0.10916
 0.527437 0.299744 0.113067
 0.517197 0.388484 0.0178551
 0.440083 0.421428 0.0448764
 0.573744 0.327431 0.0445251
 0.646234 0.351321 0.0678445
 0.666863 0.419763 0.116923
 0.763875 0.344802 0.035164
 0.743646 0.362662 0.1149
 0.824825 0.367259 0.129309
 0.825107 0.40486 0.00453886
 0.91352 0.32192 0.0184736
 0.889301 0.30745 0.134437
 0.00817006 0.330138 0.105584
 0.883491 0.393419 0.0648114
 0.0941442 0.508155 0.109234
 0.0287001 0.440222 0.0957373
 0.173841 0.48369 0.0829922
 0.249868 0.499329 0.130658
 0.299256 0.517516 0.0573026
 0.372284 0.48195 0.0767603
 0.429859 0.433225 0.137248
 0.529401 0.43728 0.105579
 0.460122 0.51336 0.0915794
 0.521866 0.56936 0.152487
 0.602787 0.467701 0.0776354
 0.598158 0.534856 0.13271
 0.643086 0.543826 0.044351
 0.643773 0.460582 0.974039
 0.755195 0.530467 0.119342
 0.845025 0.551495 0.113679
 0.935237 0.452224 0.0928612
 0.963298 0.534684 0.125362
 0.0278394 0.579595 0.0872381
 0.110651 0.580018 0.0464266
 0.147485 0.662192 0.13187
 0.195542 0.587023 0.085801
 0.247332 0.626843 0.0302571
 0.238677 0.699381 0.121901
 0.322812 0.614825 0.0663445
 0.365286 0.639198 0.997851
 0.322255 0.680174 0.127458
 0.483977 0.654735 0.0386828
 0.475215 0.603718 0.0981689
 0.567814 0.688629 0.0647735
 0.627677 0.627279 0.0873551
 0.669797 0.680583 0.0376067
 0.701857 0.679628 0.142221
 0.787379 0.702885 0.0201622
 0.712876 0.597142 0.0498921
 0.789579 0.621548 0.00613144
 0.0138104 0.664913 0.0990126
 0.858166 0.594541 0.0429146
 0.869013 0.658224 0.0964291
 0.938525 0.624873 0.128566
 0.0828862 0.781267 0.110886
 0.102172 0.784448 0.0228267
 0.00241223 0.808656 0.0780836
 0.235839 0.717359 0.03215
 0.25932 0.803311 0.0380494
 0.313352 0.82329 0.103591
 0.366255 0.759371 0.0933768
 0.452449 0.727844 0.0475195
 0.520235 0.796347 0.09293
 0.441537 0.810038 0.115117
 0.542097 0.756311 0.0194399
 0.640148 0.852875 0.124763
 0.671352 0.758738 0.000436277
 0.700592 0.826351 0.0693236
 0.804819 0.833842 0.0683777
 0.768094 0.743525 0.0954124
 0.971172 0.722121 0.0459453
 0.868691 0.790563 0.104505
 0.889447 0.734116 0.0432025
 0.093408 0.909022 0.0244874
 0.0872725 0.901085 0.11047
 0.151687 0.848189 0.0212238
 0.220992 0.874722 0.0882728
 0.196 0.962018 0.0716793
 0.146561 0.969507 0.992309
 0.34715 0.973789 0.0547293
 0.372238 0.903556 0.0896408
 0.562136 0.860452 0.0410117
 0.445858 0.886075 0.0794798
 0.503021 0.905484 0.131023
 0.54941 0.978279 0.0924592
 0.615246 0.921801 0.070456
 0.669993 0.908497 0.996112
 0.721093 0.935502 0.127373
 0.796535 0.905776 0.105464
 0.811332 0.988386 0.0633203
 0.977701 0.894374 0.0772943
 0.985971 0.96589 0.109779
 0.891849 0.874632 0.1058
 0.879605 0.90242 0.0269095
 0.921936 0.977954 0.00936116
 0.0291176 0.0713654 0.176187
 0.196435 0.0572103 0.174359
 0.277893 0.0482093 0.200464
 0.296725 0.074376 0.279659
 0.22993 0.132584 0.284122
 0.394328 0.00231081 0.250656
 0.337466 0.109892 0.179059
 0.36242 0.124795 0.268533
 0.540189 0.0309343 0.15703
 0.454254 0.0722798 0.224791
 0.620953 0.135867 0.158406
 0.567081 0.092487 0.21193
 0.700584 0.0271548 0.173377
 0.605261 0.112653 0.297347
 0.715782 0.141375 0.261697
 0.790852 0.0568651 0.150578
 0.729202 0.0550289 0.247179
 0.818265 0.100939 0.256053
 0.796405 0.00608251 0.268881
 0.881219 0.0410567 0.275881
 0.93054 0.0583344 0.214991
 0.946735 0.135268 0.192287
 0.0383108 0.168328 0.17354
 0.10371 0.191913 0.238409
 0.171519 0.164313 0.193295
 0.213324 0.259523 0.276566
 0.497334 0.22697 0.179038
 0.536451 0.165861 0.214762
 0.453097 0.21166 0.259826
 0.615943 0.200073 0.211002
 0.71562 0.198242 0.198241
 0.594875 0.275987 0.173699
 0.798483 0.211839 0.216271
 0.858174 0.140914 0.182884
 0.965637 0.287386 0.181082
 0.0059945 0.163524 0.264463
 0.866529 0.216949 0.267298
 0.14418 0.307042 0.266117
 0.0179135 0.373055 0.297411
 0.140892 0.335017 0.181988
 0.226401 0.288896 0.148239
 0.182058 0.414301 0.206804
 0.275834 0.306498 0.238401
 0.350866 0.328326 0.256931
 0.40212 0.382972 0.199922
 0.440057 0.292606 0.206627
 0.479527 0.346536 0.157347
 0.526183 0.410719 0.182963
 0.587872 0.354135 0.228474
 0.663931 0.385343 0.261941
 0.81896 0.291458 0.187937
 0.731761 0.341849 0.238648
 0.73654 0.30289 0.167896
 0.841507 0.353222 0.253324
 0.793201 0.404396 0.198764
 0.946785 0.371856 0.234735
 0.912574 0.293562 0.25697
 0.00107803 0.431249 0.184376
 0.0907637 0.444546 0.209739
 0.109156 0.52026 0.189831
 0.0465488 0.557788 0.244125
 0.190356 0.550387 0.167047
 0.281895 0.440197 0.227556
 0.272275 0.546883 0.215525
 0.330617 0.522513 0.1586
 0.334653 0.542682 0.27835
 0.505564 0.495305 0.202763
 0.480487 0.468051 0.2856
 0.662348 0.442737 0.196374
 0.597304 0.500583 0.210324
 0.65934 0.542232 0.2723
 0.744455 0.472987 0.192237
 0.83249 0.527111 0.22892
 0.728973 0.489757 0.283117
 0.87729 0.47388 0.161295
 0.976967 0.506997 0.207725
 0.913531 0.543088 0.250058
 0.105348 0.593357 0.140603
 0.0652404 0.634266 0.223391
 0.0127761 0.708089 0.248266
 0.227904 0.615484 0.219533
 0.392071 0.673767 0.182756
 0.410208 0.592598 0.20347
 0.39119 0.604733 0.288247
 0.490906 0.614093 0.218219
 0.47774 0.69222 0.204485
 0.683769 0.572851 0.141331
 0.688878 0.614068 0.216958
 0.628289 0.666707 0.18531
 0.822949 0.605456 0.183835
 0.758337 0.659662 0.205646
 0.827042 0.710333 0.160592
 0.899691 0.620131 0.208383
 0.924389 0.693128 0.246766
 0.0997473 0.839281 0.167201
 0.0421819 0.717553 0.164387
 0.0865713 0.744378 0.274386
 0.120395 0.717418 0.201846
 0.0193695 0.852268 0.220724
 0.193882 0.83138 0.162797
 0.20764 0.747898 0.192355
 0.279399 0.75072 0.245797
 0.206268 0.845937 0.248905
 0.363065 0.71832 0.245695
 0.404926 0.78202 0.191321
 0.346428 0.841762 0.196183
 0.564112 0.708626 0.149101
 0.488916 0.763155 0.265961
 0.512334 0.845578 0.197695
 0.579001 0.792017 0.237647
 0.642421 0.725451 0.245494
 0.58168 0.795771 0.152311
 0.715013 0.774562 0.267338
 0.755207 0.797662 0.195091
 0.845094 0.80157 0.210548
 0.789594 0.721718 0.263136
 0.964782 0.797856 0.172758
 0.899361 0.750354 0.183292
 0.115842 0.966794 0.234791
 0.130177 0.89907 0.285837
 0.130272 0.972992 0.147083
 0.211783 0.99031 0.246301
 0.317249 0.971119 0.204674
 0.381624 0.92387 0.171072
 0.553687 0.00565084 0.243491
 0.460249 0.972768 0.180974
 0.486935 0.954675 0.265367
 0.467754 0.858879 0.273876
 0.624674 0.975405 0.190482
 0.593574 0.888464 0.204825
 0.595486 0.873746 0.289969
 0.702318 0.872474 0.179447
 0.665996 0.917951 0.246272
 0.813525 0.882553 0.184623
 0.758041 0.930832 0.248557
 0.769918 0.860286 0.297068
 0.888749 0.93833 0.166319
 0.973888 0.909313 0.177714
 0.876983 0.948594 0.264539
 0.967299 0.953432 0.268608
 0.0899064 0.124355 0.31181
 0.0129105 0.0810768 0.3051
 0.115143 0.996557 0.408637
 0.174577 0.10888 0.346285
 0.207917 0.137715 0.416475
 0.194316 0.0250412 0.378253
 0.261693 0.98973 0.412587
 0.299589 0.0149236 0.341387
 0.382974 0.0233832 0.373454
 0.432051 0.106374 0.327649
 0.450292 0.0241103 0.315325
 0.522538 0.00462422 0.360598
 0.590186 0.0389534 0.323451
 0.68912 0.0365717 0.324164
 0.717684 0.0916326 0.382217
 0.812439 0.0761671 0.409007
 0.937161 0.0844436 0.404679
 0.949659 0.0310761 0.33968
 0.89751 0.136124 0.290948
 0.0809306 0.143357 0.41939
 0.0943151 0.281354 0.397441
 0.253075 0.198593 0.3333
 0.230005 0.225122 0.410922
 0.383341 0.262879 0.2923
 0.339696 0.193249 0.319955
 0.360269 0.180729 0.404521
 0.307861 0.248414 0.434942
 0.497487 0.135843 0.279001
 0.438367 0.141543 0.404385
 0.452601 0.259963 0.407252
 0.520865 0.194399 0.404099
 0.706804 0.222749 0.331722
 0.620473 0.208934 0.295587
 0.603224 0.243164 0.377015
 0.717084 0.177053 0.405307
 0.791895 0.170853 0.296236
 0.833825 0.268686 0.33055
 0.804216 0.181176 0.386492
 0.813156 0.261676 0.427033
 0.996682 0.228217 0.319961
 0.995677 0.184138 0.401177
 0.935518 0.289833 0.334345
 0.896018 0.248883 0.404822
 0.0604619 0.291853 0.309907
 0.114487 0.405979 0.281421
 0.0494303 0.344647 0.42415
 0.101926 0.425264 0.423136
 0.237146 0.433171 0.302028
 0.190919 0.364398 0.308841
 0.243664 0.304472 0.345959
 0.174912 0.336105 0.412133
 0.263618 0.354367 0.415095
 0.396694 0.307711 0.364662
 0.399281 0.417045 0.29213
 0.4557 0.372158 0.356241
 0.550406 0.360358 0.30465
 0.519961 0.36264 0.419368
 0.586825 0.332612 0.379216
 0.634069 0.38859 0.425155
 0.632483 0.430424 0.335138
 0.754625 0.305263 0.323323
 0.706703 0.350383 0.394348
 0.784153 0.400046 0.393703
 0.849381 0.364237 0.350301
 0.963083 0.335849 0.404187
 0.921927 0.407832 0.40809
 0.900908 0.418535 0.314898
 0.982133 0.442437 0.335807
 0.0376165 0.4893 0.296283
 0.0708563 0.539031 0.373194
 0.0201507 0.447473 0.410412
 0.163638 0.531333 0.37422
 0.163712 0.476124 0.297471
 0.265849 0.457495 0.377436
 0.288125 0.562535 0.371302
 0.34262 0.479978 0.337829
 0.387197 0.483084 0.410514
 0.457222 0.540912 0.396419
 0.54699 0.457974 0.345158
 0.453502 0.548222 0.308067
 0.548108 0.441638 0.428422
 0.583236 0.550587 0.324227
 0.670403 0.496571 0.366639
 0.770065 0.483163 0.363937
 0.846846 0.482377 0.299678
 0.843203 0.51721 0.407612
 0.992592 0.536895 0.413147
 0.928716 0.522787 0.353468
 0.116468 0.664887 0.286063
 0.0657298 0.623989 0.354054
 0.0228047 0.67453 0.401739
 0.208393 0.639626 0.297075
 0.214468 0.601169 0.367307
 0.274497 0.687163 0.310209
 0.197262 0.669922 0.434361
 0.38391 0.682964 0.322666
 0.411216 0.609154 0.389156
 0.33632 0.687935 0.386852
 0.521823 0.599723 0.299804
 0.533717 0.676222 0.34001
 0.637048 0.588296 0.385415
 0.731737 0.602649 0.385198
 0.793891 0.600711 0.328276
 0.846321 0.676777 0.311608
 0.864864 0.601834 0.40229
 0.883251 0.71147 0.38263
 0.000451991 0.74011 0.338563
 0.0679877 0.791027 0.35115
 0.118072 0.784669 0.41056
 0.235529 0.719167 0.376471
 0.258815 0.813487 0.299958
 0.198938 0.805325 0.388262
 0.42518 0.854203 0.419376
 0.459941 0.73087 0.341195
 0.464685 0.778516 0.408354
 0.533454 0.817243 0.405948
 0.614807 0.717231 0.333769
 0.679917 0.846962 0.305802
 0.675835 0.813796 0.395232
 0.581106 0.797299 0.341262
 0.640981 0.736606 0.412483
 0.771837 0.822952 0.382274
 0.833308 0.778024 0.416686
 0.876523 0.818262 0.293461
 0.918724 0.75265 0.315767
 0.0396139 0.000402826 0.2889
 0.057276 0.948665 0.361289
 0.0676772 0.870745 0.331406
 0.19781 0.937794 0.324607
 0.214718 0.884872 0.389737
 0.284951 0.948454 0.285505
 0.408976 0.892064 0.323881
 0.324563 0.871213 0.315811
 0.294507 0.893214 0.393324
 0.361334 0.947976 0.430069
 0.55873 0.919614 0.357249
 0.639679 0.965899 0.323528
 0.603523 0.954027 0.413041
 0.842651 0.996552 0.397147
 0.765984 0.951668 0.363695
 0.830811 0.913813 0.323827
 0.979456 0.880872 0.299424
 0.90531 0.863731 0.3522
 0.916387 0.958824 0.368181
 0.011772 0.113811 0.47403
 0.10653 0.0679036 0.458029
 0.0247093 0.0220366 0.4966
 0.113299 0.0605467 0.544065
 0.180198 0.100119 0.482851
 0.264261 0.0756142 0.556073
 0.276455 0.0660495 0.468801
 0.293116 0.139862 0.437865
 0.39268 0.0575415 0.523801
 0.518697 0.0543542 0.43374
 0.424293 0.129284 0.553211
 0.424129 0.0507203 0.446888
 0.573248 0.136047 0.445274
 0.648014 0.0330155 0.513064
 0.708276 0.0608816 0.463367
 0.751431 0.110446 0.512349
 0.84549 0.129544 0.50486
 0.835699 0.00727513 0.487531
 0.753607 0.000768597 0.508815
 0.90436 0.0609113 0.474615
 0.939652 0.0142093 0.536227
 0.0867545 0.219135 0.462028
 0.0368543 0.211525 0.537375
 0.178582 0.152215 0.549911
 0.168365 0.228973 0.475237
 0.236338 0.262654 0.549842
 0.266187 0.156169 0.577515
 0.280454 0.202672 0.49893
 0.403212 0.272056 0.497731
 0.42805 0.191329 0.488828
 0.506043 0.215619 0.480538
 0.645521 0.199931 0.436404
 0.567628 0.158616 0.525806
 0.64686 0.216109 0.527176
 0.72415 0.187235 0.536938
 0.779773 0.245034 0.506899
 0.848303 0.202621 0.548784
 0.869791 0.135507 0.420358
 0.968565 0.164632 0.521003
 0.958455 0.2312 0.4601
 0.910688 0.270475 0.546294
 0.0807115 0.31977 0.517365
 0.122947 0.38138 0.496763
 0.996808 0.401041 0.473536
 0.156154 0.417497 0.555292
 0.344297 0.325745 0.431859
 0.30199 0.315898 0.519097
 0.317237 0.398857 0.510537
 0.397485 0.410466 0.45527
 0.497024 0.302064 0.473557
 0.447999 0.381199 0.511051
 0.693107 0.288519 0.445512
 0.619848 0.362159 0.518585
 0.62329 0.286846 0.570952
 0.694127 0.390953 0.497913
 0.751923 0.330561 0.501335
 0.829934 0.386242 0.514192
 0.73997 0.421797 0.580291
 0.979094 0.307908 0.498936
 0.920759 0.396654 0.500546
 0.110378 0.491104 0.512243
 0.0464921 0.438119 0.543905
 0.173365 0.482544 0.447041
 0.224022 0.520755 0.503271
 0.275731 0.464333 0.459121
 0.395409 0.522849 0.526467
 0.331355 0.525959 0.478183
 0.466878 0.465303 0.534779
 0.503097 0.502539 0.466564
 0.557959 0.550857 0.517056
 0.623551 0.459508 0.485999
 0.649812 0.537197 0.454983
 0.714022 0.445171 0.418973
 0.81836 0.453667 0.45293
 0.759311 0.508244 0.467922
 0.743116 0.514688 0.552761
 0.916042 0.486721 0.448705
 0.888576 0.573513 0.559666
 0.881635 0.479032 0.534851
 0.0728956 0.604696 0.507398
 0.047047 0.669731 0.555768
 0.991506 0.609646 0.455773
 0.126146 0.668857 0.486375
 0.267067 0.712602 0.470569
 0.268707 0.602605 0.501186
 0.166033 0.684643 0.559939
 0.313928 0.610726 0.432732
 0.325078 0.574637 0.569994
 0.457571 0.583878 0.537114
 0.442987 0.644275 0.46166
 0.527507 0.666153 0.422931
 0.537336 0.653653 0.558782
 0.595258 0.611996 0.455101
 0.64295 0.68494 0.481209
 0.789987 0.580942 0.477352
 0.724385 0.680441 0.431251
 0.703282 0.599829 0.488645
 0.845915 0.630552 0.51989
 0.802684 0.694735 0.564228
 0.810728 0.715517 0.463342
 0.901775 0.668081 0.458019
 0.972214 0.692938 0.494623
 0.0776159 0.726908 0.455374
 0.139816 0.796959 0.530669
 0.102658 0.853633 0.481828
 0.0173059 0.764188 0.494011
 0.220524 0.789108 0.469076
 0.229568 0.857363 0.514739
 0.349012 0.738244 0.452621
 0.435007 0.730784 0.470234
 0.340811 0.835043 0.44423
 0.431911 0.808032 0.576448
 0.298687 0.707559 0.547631
 0.551651 0.737372 0.526632
 0.568779 0.749216 0.449492
 0.465627 0.735884 0.545365
 0.893927 0.844968 0.435679
 0.887446 0.854108 0.556754
 0.0169873 0.852753 0.48856
 0.097744 0.977297 0.544406
 0.0212992 0.950658 0.442794
 0.121543 0.932886 0.466455
 0.0333729 0.877784 0.566287
 0.00599327 0.957969 0.56419
 0.208095 0.924592 0.469072
 0.235825 0.977299 0.537625
 0.157051 0.908844 0.550526
 0.284982 0.89635 0.575184
 0.316212 0.990476 0.495844
 0.349504 0.870048 0.522186
 0.449333 0.871234 0.504034
 0.520194 0.900972 0.433146
 0.45232 0.964552 0.450033
 0.461624 0.944901 0.536078
 0.557469 0.944446 0.542064
 0.573394 0.00816103 0.476108
 0.613929 0.862895 0.444126
 0.678895 0.950131 0.529898
 0.612526 0.870318 0.531868
 0.804986 0.899408 0.539877
 0.822074 0.890955 0.453641
 0.934475 0.878267 0.492088
 0.855993 0.973658 0.561602
 0.941667 0.960058 0.451019
 0.0433926 0.110131 0.600613
 0.186637 0.0647869 0.594467
 0.200723 0.0590965 0.682167
 0.132378 0.132409 0.634993
 0.24842 0.130125 0.707733
 0.311388 0.0164787 0.61349
 0.327832 0.0821442 0.67085
 0.370833 0.133399 0.620045
 0.420149 0.00638044 0.668602
 0.473441 0.0769193 0.684542
 0.522981 0.0622544 0.616536
 0.647301 0.0290195 0.593776
 0.597604 0.0703317 0.648553
 0.748199 0.0514812 0.581212
 0.708128 0.101392 0.645009
 0.838262 0.0734185 0.706483
 0.828752 0.0685192 0.618807
 0.957752 0.118007 0.598688
 0.904781 0.0593174 0.591445
 0.958614 0.105302 0.686121
 0.897355 0.00121646 0.697985
 0.984561 0.0228567 0.703361
 0.0682366 0.190176 0.614249
 0.0338563 0.172337 0.694992
 0.133458 0.244233 0.649064
 0.0438764 0.256458 0.702409
 0.166012 0.168546 0.707092
 0.215653 0.243592 0.640143
 0.293323 0.180392 0.656275
 0.343703 0.269387 0.595116
 0.431281 0.244726 0.677277
 0.334505 0.246849 0.678039
 0.425561 0.290365 0.605204
 0.509377 0.14296 0.5871
 0.467868 0.157283 0.670073
 0.53809 0.223383 0.655155
 0.592012 0.1577 0.659564
 0.817254 0.154442 0.61279
 0.74122 0.222007 0.710788
 0.734088 0.180027 0.622167
 0.981092 0.248973 0.599884
 0.833338 0.195236 0.692368
 0.919731 0.226777 0.660542
 0.995998 0.331779 0.591509
 0.0752464 0.283153 0.593927
 0.0815245 0.376766 0.694941
 0.0866393 0.389867 0.611122
 0.232185 0.403166 0.580211
 0.16737 0.319746 0.600575
 0.198128 0.356086 0.681987
 0.28009 0.389305 0.683754
 0.417381 0.373281 0.618377
 0.34189 0.397053 0.597697
 0.537215 0.278691 0.588992
 0.431803 0.369777 0.704617
 0.53629 0.332493 0.6762
 0.502867 0.416985 0.679873
 0.643075 0.338252 0.636437
 0.611491 0.323526 0.717831
 0.698137 0.397795 0.650716
 0.724031 0.306407 0.582087
 0.792671 0.313659 0.635223
 0.814813 0.391275 0.59258
 0.765341 0.367651 0.694001
 0.871271 0.288104 0.623902
 0.920576 0.439482 0.679515
 0.931796 0.359763 0.644017
 0.0785118 0.54739 0.588355
 0.000844331 0.487513 0.601767
 0.181727 0.502125 0.571133
 0.250098 0.459296 0.644288
 0.180655 0.54669 0.647594
 0.31451 0.520967 0.641629
 0.396906 0.543024 0.69783
 0.520491 0.465834 0.603489
 0.564137 0.56225 0.690202
 0.463305 0.530965 0.630384
 0.60854 0.496838 0.57616
 0.650942 0.559674 0.642089
 0.81495 0.522429 0.60454
 0.848303 0.453941 0.637137
 0.96717 0.575794 0.597637
 0.997059 0.472218 0.698378
 0.113787 0.600257 0.662906
 0.132288 0.690983 0.635627
 0.031079 0.623584 0.622188
 0.0237264 0.605738 0.710044
 0.241593 0.645818 0.575833
 0.273962 0.699621 0.656545
 0.261228 0.586937 0.641105
 0.34678 0.652143 0.597799
 0.362479 0.695469 0.676022
 0.437899 0.65089 0.583395
 0.5239 0.595512 0.62216
 0.462556 0.663498 0.669922
 0.542497 0.649442 0.693377
 0.687205 0.621141 0.595194
 0.658869 0.701776 0.574612
 0.59408 0.681172 0.627697
 0.612449 0.709833 0.719143
 0.807235 0.572734 0.672625
 0.741776 0.630169 0.665372
 0.77704 0.697939 0.695839
 0.993362 0.698792 0.647531
 0.880527 0.630789 0.660402
 0.915378 0.703715 0.682589
 0.997271 0.768772 0.595136
 0.0393702 0.752614 0.703677
 0.0725306 0.757309 0.55692
 0.02687 0.836544 0.715867
 0.105515 0.852702 0.602626
 0.103284 0.852888 0.690641
 0.205512 0.762008 0.564594
 0.209757 0.815779 0.645631
 0.2866 0.788703 0.670824
 0.183945 0.733574 0.679554
 0.293083 0.790611 0.573261
 0.437058 0.740657 0.68315
 0.469899 0.82281 0.652061
 0.558007 0.80784 0.648212
 0.520863 0.749105 0.703649
 0.609419 0.793491 0.570315
 0.677316 0.771239 0.625842
 0.707768 0.758861 0.705452
 0.841101 0.713848 0.647931
 0.744938 0.83481 0.640367
 0.807437 0.825285 0.708326
 0.877634 0.783001 0.689312
 0.992361 0.847224 0.63572
 0.126964 0.972157 0.623784
 0.0801146 0.933363 0.679087
 0.018539 0.982086 0.637695
 0.21259 0.955307 0.620288
 0.21596 0.894549 0.677541
 0.301785 0.935447 0.640967
 0.400499 0.989967 0.572498
 0.365691 0.948208 0.692369
 0.471519 0.868696 0.721529
 0.507806 0.938181 0.683021
 0.489461 0.989428 0.611412
 0.663933 0.898491 0.613424
 0.602757 0.865441 0.703911
 0.608229 0.956901 0.598633
 0.595198 0.951997 0.690145
 0.751102 0.916017 0.607452
 0.795243 0.991419 0.655027
 0.905624 0.853444 0.645652
 0.867411 0.930304 0.649343
 0.134107 0.0312267 0.714471
 0.0632419 0.0483708 0.75132
 0.0634486 0.133543 0.797585
 0.0782089 0.0565843 0.856898
 0.17194 0.0915727 0.782576
 0.250857 0.0244264 0.741071
 0.261379 0.0933387 0.810687
 0.151105 0.0242888 0.835027
 0.246941 0.0152183 0.856284
 0.394998 0.0675102 0.726423
 0.355531 0.0732073 0.800952
 0.452031 0.110097 0.783557
 0.538297 0.0709451 0.787759
 0.599537 0.0344786 0.730389
 0.665677 0.0947091 0.722101
 0.643667 0.0258881 0.820732
 0.708524 0.0979632 0.798442
 0.754004 0.0436524 0.727806
 0.744015 0.0195634 0.815979
 0.829033 0.130979 0.860852
 0.980235 0.150273 0.834665
 0.869538 0.0557461 0.82358
 0.957118 0.0813263 0.785959
 0.890769 0.130402 0.737158
 0.0502624 0.277283 0.784676
 0.135465 0.172172 0.789134
 0.112578 0.245396 0.831316
 0.233019 0.174322 0.782001
 0.249485 0.252061 0.808833
 0.260384 0.282565 0.724499
 0.366729 0.161358 0.829252
 0.397432 0.215454 0.773064
 0.565859 0.143821 0.746147
 0.485055 0.178073 0.753088
 0.547234 0.27398 0.790103
 0.511004 0.211512 0.830786
 0.471138 0.296769 0.740348
 0.582852 0.244693 0.724581
 0.654763 0.188061 0.72042
 0.624692 0.147684 0.809443
 0.749279 0.25234 0.815017
 0.765535 0.16831 0.795486
 0.997084 0.230686 0.83856
 0.914957 0.249733 0.819129
 0.895905 0.151907 0.814511
 0.134351 0.304382 0.708035
 0.0641658 0.362283 0.806535
 0.147576 0.375707 0.805231
 0.0128585 0.400468 0.748624
 0.170977 0.294946 0.794736
 0.243134 0.35927 0.776627
 0.348407 0.359268 0.716723
 0.356583 0.302446 0.776978
 0.43192 0.316618 0.810562
 0.299076 0.327195 0.838602
 0.286725 0.433161 0.85788
 0.443442 0.395911 0.839657
 0.524133 0.41104 0.822804
 0.55001 0.433285 0.751903
 0.706743 0.311624 0.728283
 0.667964 0.305258 0.821709
 0.581793 0.338656 0.829931
 0.629068 0.393594 0.764677
 0.644062 0.413982 0.85863
 0.753493 0.403793 0.798004
 0.797366 0.323296 0.783942
 0.830704 0.417477 0.72918
 0.956773 0.300914 0.710633
 0.86949 0.317929 0.733699
 0.92514 0.388341 0.757465
 0.862999 0.318257 0.840248
 0.894688 0.394222 0.84148
 0.118259 0.434448 0.752407
 0.0918744 0.515752 0.779401
 0.0114645 0.534244 0.751956
 0.18901 0.481759 0.707263
 0.22991 0.529952 0.775165
 0.298324 0.462417 0.782768
 0.368306 0.451742 0.740304
 0.420666 0.467118 0.800215
 0.312972 0.548227 0.851382
 0.492272 0.585953 0.747388
 0.487265 0.512712 0.792681
 0.672275 0.538225 0.723584
 0.692797 0.444905 0.724949
 0.673293 0.488668 0.841795
 0.596955 0.501463 0.73566
 0.587966 0.505981 0.831301
 0.797012 0.472242 0.824225
 0.722408 0.53301 0.796965
 0.862998 0.501745 0.756233
 0.798243 0.548098 0.753993
 0.965005 0.538114 0.825991
 0.88587 0.526666 0.847531
 0.116269 0.58013 0.744983
 0.0464023 0.625143 0.791532
 0.124149 0.611086 0.831255
 0.0816225 0.708112 0.77067
 0.168978 0.710093 0.773117
 0.26254 0.588617 0.722455
 0.19324 0.622945 0.763218
 0.384497 0.569406 0.801332
 0.337897 0.632176 0.742177
 0.423318 0.635046 0.739723
 0.333899 0.674919 0.823686
 0.415432 0.686849 0.811266
 0.537185 0.590595 0.821726
 0.559748 0.654926 0.769115
 0.68025 0.6501 0.725091
 0.629257 0.668117 0.818029
 0.71555 0.654713 0.820596
 0.822261 0.698956 0.781389
 0.81288 0.609849 0.810086
 0.967138 0.650953 0.754352
 0.916833 0.623079 0.824676
 0.0974083 0.797974 0.820768
 0.147645 0.823504 0.757582
 0.229679 0.789345 0.781365
 0.29495 0.72598 0.761212
 0.181628 0.763344 0.84496
 0.371701 0.765242 0.77525
 0.327386 0.828296 0.739097
 0.516005 0.813975 0.775337
 0.472994 0.820158 0.855242
 0.688425 0.845751 0.712458
 0.703901 0.739436 0.795462
 0.586652 0.852246 0.789919
 0.633995 0.781595 0.840121
 0.755109 0.797876 0.829624
 0.813112 0.784183 0.779012
 0.885194 0.835646 0.795193
 0.89869 0.722862 0.758193
 0.950423 0.750101 0.834582
 0.977374 0.816473 0.780554
 0.0694905 0.955861 0.763105
 0.113287 0.925874 0.834687
 0.256489 0.869516 0.749487
 0.200582 0.959044 0.750996
 0.193 0.894334 0.813624
 0.297381 0.938272 0.803737
 0.392451 0.887414 0.750325
 0.330346 0.998783 0.751574
 0.481756 0.00414425 0.735292
 0.431595 0.903484 0.826053
 0.463848 0.00263113 0.820521
 0.643179 0.886322 0.841559
 0.849162 0.893686 0.742746
 0.711298 0.864965 0.788725
 0.788706 0.93073 0.802334
 0.966161 0.978984 0.775209
 0.882791 0.974287 0.802486
 0.0768353 0.0948118 0.936622
 0.00857287 0.00682541 0.866819
 0.135327 0.0493745 0.980876
 0.233238 0.0647176 0.93772
 0.203307 0.130347 0.886179
 0.330406 0.0999004 0.999988
 0.393224 0.014218 0.86108
 0.364669 0.0415617 0.94084
 0.398748 0.152067 0.908461
 0.405919 0.0136274 0.00567072
 0.517953 0.0592583 0.874519
 0.451866 0.0650468 0.930163
 0.565658 0.140923 0.951716
 0.697306 0.0767702 0.886839
 0.597611 0.0606287 0.904952
 0.615177 0.0465466 0.98501
 0.670101 0.128367 0.949195
 0.818209 0.000101546 0.898418
 0.789877 0.103805 0.990015
 0.758653 0.0306816 0.957654
 0.857972 0.0371209 0.972221
 0.939068 0.0760813 0.965779
 0.993506 0.0861325 0.895434
 0.862793 0.120759 0.933534
 0.106146 0.161795 0.984069
 0.0269536 0.261028 0.953739
 0.115483 0.270617 0.91664
 0.217998 0.220916 0.00570102
 0.165419 0.203544 0.938271
 0.299249 0.242409 0.878348
 0.283288 0.158002 0.874586
 0.375696 0.248603 0.906133
 0.326379 0.173541 0.955144
 0.299147 0.248435 0.988221
 0.433877 0.161352 0.986284
 0.555553 0.137514 0.864293
 0.452614 0.263039 0.876314
 0.433468 0.281983 0.973918
 0.646622 0.192512 0.895242
 0.618103 0.279952 0.930603
 0.751966 0.245972 0.981304
 0.726973 0.161126 0.00862393
 0.72366 0.23439 0.900259
 0.834291 0.292333 0.973969
 0.988052 0.190747 0.995644
 0.908423 0.185641 0.971818
 0.896544 0.253121 0.920375
 0.970139 0.287734 0.898786
 0.0224189 0.365449 0.879782
 0.0760863 0.410908 0.934421
 0.143991 0.434521 0.880157
 0.169927 0.322519 0.956562
 0.236356 0.391471 0.96116
 0.261103 0.303529 0.938944
 0.359739 0.334628 0.904898
 0.327599 0.363412 0.978425
 0.482273 0.345592 0.959231
 0.535941 0.295332 0.893219
 0.489953 0.415675 0.922702
 0.702543 0.361338 0.957453
 0.712069 0.368425 0.867438
 0.807667 0.363319 0.923345
 0.983384 0.359654 0.98071
 0.965172 0.419587 0.886976
 0.0621466 0.486694 0.973887
 0.095077 0.497476 0.860127
 0.141969 0.514829 0.997518
 0.145946 0.554478 0.892734
 0.222014 0.457353 0.90096
 0.221562 0.566138 0.858874
 0.280365 0.496353 0.959379
 0.35966 0.443292 0.943498
 0.375703 0.483 0.867781
 0.40573 0.556504 0.883039
 0.566895 0.448389 0.888304
 0.435008 0.468859 0.973154
 0.460451 0.550024 0.939231
 0.543414 0.518515 0.948029
 0.56493 0.454045 0.999443
 0.687644 0.516599 0.920455
 0.769594 0.538904 0.898892
 0.837833 0.437167 0.886077
 0.827672 0.487857 0.963267
 0.933097 0.450547 0.966785
 0.0166288 0.494959 0.883017
 0.98008 0.542462 0.949421
 0.901891 0.532183 0.977977
 0.0216277 0.595022 0.00602536
 0.0795301 0.599962 0.94714
 0.0717676 0.654661 0.878163
 0.148168 0.641719 0.983989
 0.211364 0.629975 0.925074
 0.285165 0.593497 0.952248
 0.352537 0.626596 0.897576
 0.367409 0.70363 0.912359
 0.472164 0.640934 0.866654
 0.440985 0.636108 0.960529
 0.517011 0.714092 0.911557
 0.655515 0.591661 0.923144
 0.646651 0.673136 0.904099
 0.603129 0.571817 0.982395
 0.593394 0.668387 0.974854
 0.740969 0.67786 0.903875
 0.738003 0.602711 0.943418
 0.844941 0.657097 0.913341
 0.847381 0.578488 0.902428
 0.99572 0.683476 0.853971
 0.00127585 0.679305 0.976503
 0.95292 0.637441 0.915826
 0.00718455 0.819862 0.984329
 0.0429143 0.75092 0.94262
 0.114468 0.71747 0.909833
 0.0297064 0.800515 0.879281
 0.159136 0.733055 0.00634109
 0.201162 0.73122 0.931405
 0.412301 0.767215 0.865799
 0.316637 0.827854 0.915765
 0.340898 0.820976 0.989349
 0.276113 0.759172 0.896653
 0.3916 0.753408 0.972269
 0.473634 0.771452 0.964176
 0.535026 0.822247 0.93038
 0.606405 0.8052 0.97317
 0.652777 0.83181 0.902638
 0.854297 0.723342 0.968336
 0.718976 0.845795 0.95299
 0.801922 0.751213 0.895821
 0.832266 0.822934 0.983034
 0.756497 0.768697 0.975516
 0.898879 0.762515 0.898191
 0.955924 0.845197 0.88417
 0.917246 0.840726 0.968427
 0.0146787 0.901161 0.995739
 0.0334839 0.00244235 0.0116714
 0.0802569 0.874281 0.904657
 0.0377191 0.9523 0.929493
 0.163464 0.866227 0.933569
 0.238295 0.851701 0.890489
 0.182787 0.949123 0.909056
 0.257546 0.931832 0.872227
 0.307637 0.97665 0.935925
 0.360548 0.911745 0.870682
 0.373247 0.913636 0.960719
 0.484804 0.888219 0.995273
 0.479224 0.970229 0.968484
 0.633672 0.956035 0.885648
 0.605091 0.895814 0.940014
 0.674522 0.987227 0.953424
 0.829803 0.915029 0.872659
 0.790463 0.893604 0.945831
 0.824707 0.956346 0.991553
 0.919996 0.921408 0.869021
 0.955215 0.944336 0.94148
end atom_crystal

