# H2O system

temperature:            300
extra_states:           8

xc_type:                PBE

ecut_wavefunction:      30

begin upf_file
  ../../pp_ONCV/H_ONCV_PBE-1.2.upf
  ../../pp_ONCV/O_ONCV_PBE-1.2.upf
end upf_file

begin super_cell
12.44999999999999  12.44999999999999 12.44999999999999
end super_cell

atom_types_num:        2

atom_type:              1
begin atom_crystal
 0.223039 0.0658968 0.0480285
 0.200634 0.0983469 0.245211
 0.151985 0.265278 0.240504
 0.0402163 0.0903155 0.0090252
 0.0232543 0.314151 0.224131
 0.479604 0.162302 0.205782
 0.374315 0.109203 0.245995
 0.378626 0.333472 0.184839
 0.512745 0.285698 0.0327015
 0.704861 0.122302 0.28067
 0.945356 0.163251 0.0313705
 0.853011 0.243584 0.228469
 0.807994 0.0597046 0.269895
 0.712126 0.0333135 0.101133
 0.150331 0.34299 0.100994
 0.132057 0.444991 0.307397
 0.14903 0.636029 1.00508
 0.310966 0.43326 0.228988
 0.477175 0.385889 0.30887
 0.583395 0.445246 0.274246
 0.621764 0.524615 0.129861
 0.966313 0.562805 0.0447395
 0.849722 0.417192 0.201721
 0.709071 0.544395 0.20944
 0.792982 0.439528 0.0967467
 0.159588 0.736206 0.237697
 0.246539 0.772175 0.0851038
 0.243097 0.968566 0.114045
 0.314671 0.829805 0.168931
 0.0612944 0.913808 0.231528
 0.044418 0.711047 0.260795
 0.505399 0.83982 0.190524
 0.449887 0.951986 0.199706
 0.664456 0.765636 0.135508
 0.648033 0.874067 0.0896233
 0.766302 0.996106 0.998088
 0.926171 0.799861 0.182633
 1.00265 1.00521 0.159138
 0.866958 0.727002 0.253697
 0.149777 0.126961 0.359135
 0.275718 0.174954 0.640817
 0.304173 0.173941 0.437286
 0.0501936 0.0942205 0.50483
 0.556526 0.160951 0.361883
 0.614769 0.261177 0.383888
 0.412947 0.188974 0.504883
 0.430746 0.0402465 0.659236
 0.452411 0.00737971 0.54347
 0.707002 0.122572 0.513297
 0.71658 0.0396312 0.596963
 0.881941 0.284362 0.531578
 0.815536 0.0203554 0.445583
 0.827263 0.289338 0.331026
 0.981932 0.0389524 0.414298
 0.899681 0.131502 0.607609
 0.144281 0.571777 0.310687
 0.0429358 0.47644 0.446594
 0.327901 0.347957 0.497927
 0.284388 0.449678 0.462269
 0.0747954 0.412586 0.66175
 0.545338 0.505513 0.434462
 0.458694 0.498393 0.524825
 0.620298 0.440583 0.581525
 0.617726 0.354222 0.661825
 0.773228 0.345202 0.55005
 0.933143 0.417645 0.510993
 0.965166 0.569219 0.540557
 0.0615225 0.888337 0.48362
 0.21248 0.735972 0.457915
 0.104264 0.882049 0.601191
 0.308436 0.684985 0.511516
 0.565762 0.662553 0.514582
 0.457296 0.91485 0.383962
 0.375547 0.858894 0.445086
 0.526899 0.778001 0.525461
 0.896821 0.664423 0.64206
 0.983768 0.714502 0.568853
 0.71015 0.771947 0.430334
 0.826272 0.746954 0.473625
 0.824018 0.905474 0.401123
 0.167026 0.264032 0.0128358
 0.315288 0.163803 0.758307
 0.145978 0.0621972 0.879663
 0.0589902 0.214156 0.879417
 0.270496 0.152092 0.907773
 0.0334956 0.30671 0.803864
 0.187466 0.0107583 0.71032
 0.401683 0.24334 0.00408987
 0.385837 0.102548 0.881485
 0.554961 0.257665 0.800982
 0.586871 0.0227714 0.668834
 0.644964 0.0521506 0.769429
 0.665389 0.124416 0.953243
 0.456748 0.30453 0.740318
 0.99425 0.181237 0.678867
 0.70309 0.226601 0.906157
 0.869734 0.303286 0.908434
 0.940676 0.999741 0.87605
 0.0393729 0.477147 0.00464554
 0.255156 0.575261 0.0216515
 0.335489 0.41907 0.667713
 0.180641 0.372878 0.7187
 0.230762 0.581058 0.829301
 0.159923 0.537468 0.742578
 0.27159 0.413852 0.963403
 0.306145 0.629638 0.681066
 0.341141 0.410218 0.794319
 0.402312 0.456479 0.9529
 0.551385 0.564181 0.948829
 0.603772 0.45257 0.921645
 0.719389 0.447743 0.737407
 0.777143 0.544576 0.796545
 0.7862 0.388088 0.89898
 0.0728825 0.974648 0.740529
 0.233697 0.767982 0.887637
 0.214652 0.862239 0.803295
 0.0761014 0.698105 0.815823
 1.00209 0.717623 0.909462
 0.49542 0.935793 0.830661
 0.614756 0.748553 0.657564
 0.412651 0.682389 0.700938
 0.367982 0.909961 0.861364
 0.554623 0.728117 0.993655
 0.5809 0.721543 0.873295
 0.647025 0.838236 0.740565
 0.744603 0.714756 0.754262
 0.982666 0.89206 0.834309
 0.863353 0.717249 0.801185
end atom_crystal

atom_type:              8
begin atom_crystal
 0.264989 0.0431541 0.109111
 0.103619 0.325056 0.217014
 0.205096 0.151364 0.303082
 0.450725 0.106482 0.252288
 0.443844 0.275208 0.0648279
 0.966174 0.0875648 0.0426298
 0.764009 0.111938 0.229375
 0.869781 0.312542 0.266756
 0.162977 0.341678 0.0236845
 0.0180602 0.548599 0.989319
 0.32716 0.356133 0.248689
 0.6332 0.55918 0.199382
 0.82983 0.477521 0.15439
 0.11222 0.681241 0.269427
 0.243134 0.822939 0.14602
 0.440536 0.877189 0.214085
 0.608432 0.807642 0.0995966
 0.698781 0.00514831 0.0302592
 0.899565 0.727514 0.184817
 0.999213 0.926398 0.185606
 0.0539516 0.0699243 0.431759
 0.342543 0.218453 0.489892
 0.617231 0.187861 0.402815
 0.472401 0.06321 0.596077
 0.760831 0.0844377 0.556932
 0.965601 0.177169 0.606317
 0.850719 0.97702 0.382212
 0.140371 0.504233 0.356799
 0.324868 0.426819 0.52546
 0.998612 0.478732 0.513471
 0.554298 0.384013 0.314437
 0.529321 0.528345 0.509077
 0.376999 0.639607 0.646656
 0.842546 0.350679 0.506864
 0.674214 0.402448 0.625482
 0.287409 0.738787 0.457372
 0.0587293 0.849047 0.549869
 0.436015 0.905544 0.462011
 0.59219 0.733798 0.532836
 0.928975 0.659814 0.568803
 0.78991 0.78427 0.411507
 0.268326 0.129287 0.703421
 0.146749 0.113152 0.939909
 0.346185 0.173064 0.89229
 0.534123 0.30922 0.745582
 0.642013 0.994229 0.717238
 0.641043 0.173864 0.895224
 0.00235689 0.245959 0.834234
 0.807706 0.328046 0.949156
 0.227694 0.6461 0.00778574
 0.107502 0.401555 0.729829
 0.194206 0.602565 0.765903
 0.323971 0.372135 0.728539
 0.328043 0.460768 0.927964
 0.554528 0.484315 0.974157
 0.749158 0.469121 0.802555
 0.815816 0.682824 0.754877
 0.141138 0.949816 0.713526
 0.260641 0.839662 0.867384
 0.00940843 0.733331 0.832073
 0.618534 0.76792 0.732512
 0.431552 0.961436 0.870079
 0.539058 0.690672 0.931037
 0.934204 0.949762 0.818168
end atom_crystal

