# N2 adsorbate on Cu
temperature:        	  300
extra_states:           11
#mixing_type:            kerker+anderson
mixing_steplength:      0.2

xc_type:                PBE

ecut_wavefunction:      20
eig_maxiter:            15
eig_tolerance_dynamic:  1
pw_solver:              LOBPCG
fftw_mpi_size:          2

begin upf_file
  ../../pp_ONCV/Cu_ONCV_PBE-1.2.upf
  ../../pp_ONCV/N_ONCV_PBE-1.2.upf
end upf_file

begin super_cell_angstrom
   10.210621920333747   8.842657971447272   22.08423447177455
end super_cell_angstrom

atom_types_num:        2

atom_type:             29

begin atom_angstrom
  0.00000000       1.47377633      10.00000000 
  2.55265548       1.47377633      10.00000000 
  5.10531096       1.47377633      10.00000000 
  7.65796644       1.47377633      10.00000000 
  1.27632774       3.68444082      10.00000000 
  3.82898322       3.68444082      10.00000000 
  6.38163870       3.68444082      10.00000000 
  8.93429418       3.68444082      10.00000000 
  0.00000000       5.89510531      10.00000000 
  2.55265548       5.89510531      10.00000000 
  5.10531096       5.89510531      10.00000000 
  7.65796644       5.89510531      10.00000000 
  1.27632774       8.10576981      10.00000000 
  3.82898322       8.10576981      10.00000000 
  6.38163870       8.10576981      10.00000000 
  8.93429418       8.10576981      10.00000000 
  0.00000000       0.00000000      12.08423447 
  2.55265548       0.00000000      12.08423447 
  5.10531096       0.00000000      12.08423447 
  7.65796644       0.00000000      12.08423447 
  1.27632774       2.21066449      12.08423447 
  3.82898322       2.21066449      12.08423447 
  6.38163870       2.21066449      12.08423447 
  8.93429418       2.21066449      12.08423447 
  0.00000000       4.42132899      12.08423447 
  2.55265548       4.42132899      12.08423447 
  5.10531096       4.42132899      12.08423447 
  7.65796644       4.42132899      12.08423447 
  1.27632774       6.63199348      12.08423447 
  3.82898322       6.63199348      12.08423447 
  6.38163870       6.63199348      12.08423447 
  8.93429418       6.63199348      12.08423447 
end atom_angstrom


atom_type:             7

begin atom_angstrom
 -0.00000000      -0.00000000      14.17087660
 -0.00000000      -0.00000000      15.21541878
end atom_angstrom
