ion_move:               nlcg
ion_max_iter:           30

temperature:        	  30
extra_states:           8

xc_type:                PBE

ecut_wavefunction:      10
eig_maxiter:            5
pw_solver:              LOBPCG
hybrid_mixing_type:     pcdiis

begin upf_file
  ../../pp_ONCV/Si_ONCV_PBE-1.2.upf
end upf_file

begin super_cell_angstrom
  10.86  10.86  10.86
end super_cell_angstrom

atom_types_num:        1

atom_type:              14

begin atom_angstrom
  0.50000000       0.00000000       0.00000000
  1.35750000       1.35750000       1.35750000
  2.71500000       2.71500000       0.00000000
  4.07250000       4.07250000       1.35750000
  2.71500000       0.00000000       2.71500000
  4.07250000       1.35750000       4.07250000
  0.00000000       2.71500000       2.71500000
  1.35750000       4.07250000       4.07250000
  0.00000000       0.00000000       5.43000000
  1.35750000       1.35750000       6.78750000
  2.71500000       2.71500000       5.43000000
  4.07250000       4.07250000       6.78750000
  2.71500000       0.00000000       8.14500000
  4.07250000       1.35750000       9.50250000
  0.00000000       2.71500000       8.14500000
  1.35750000       4.07250000       9.50250000
  0.00000000       5.43000000       0.00000000
  1.35750000       6.78750000       1.35750000
  2.71500000       8.14500000       0.00000000
  4.07250000       9.50250000       1.35750000
  2.71500000       5.43000000       2.71500000
  4.07250000       6.78750000       4.07250000
  0.00000000       8.14500000       2.71500000
  1.35750000       9.50250000       4.07250000
  0.00000000       5.43000000       5.43000000
  1.35750000       6.78750000       6.78750000
  2.71500000       8.14500000       5.43000000
  4.07250000       9.50250000       6.78750000
  2.71500000       5.43000000       8.14500000
  4.07250000       6.78750000       9.50250000
  0.00000000       8.14500000       8.14500000
  1.35750000       9.50250000       9.50250000
  5.43000000       0.00000000       0.00000000
  6.78750000       1.35750000       1.35750000
  8.14500000       2.71500000       0.00000000
  9.50250000       4.07250000       1.35750000
  8.14500000       0.00000000       2.71500000
  9.50250000       1.35750000       4.07250000
  5.43000000       2.71500000       2.71500000
  6.78750000       4.07250000       4.07250000
  5.43000000       0.00000000       5.43000000
  6.78750000       1.35750000       6.78750000
  8.14500000       2.71500000       5.43000000
  9.50250000       4.07250000       6.78750000
  8.14500000       0.00000000       8.14500000
  9.50250000       1.35750000       9.50250000
  5.43000000       2.71500000       8.14500000
  6.78750000       4.07250000       9.50250000
  5.43000000       5.43000000       0.00000000
  6.78750000       6.78750000       1.35750000
  8.14500000       8.14500000       0.00000000
  9.50250000       9.50250000       1.35750000
  8.14500000       5.43000000       2.71500000
  9.50250000       6.78750000       4.07250000
  5.43000000       8.14500000       2.71500000
  6.78750000       9.50250000       4.07250000
  5.43000000       5.43000000       5.43000000
  6.78750000       6.78750000       6.78750000
  8.14500000       8.14500000       5.43000000
  9.50250000       9.50250000       6.78750000
  8.14500000       5.43000000       8.14500000
  9.50250000       6.78750000       9.50250000
  5.43000000       8.14500000       8.14500000
  6.78750000       9.50250000       9.50250000
end atom_angstrom
