# graphene nanoribbon in armchair configuration. 64 atoms
temperature:        	  300
extra_states:           4

xc_type:                PBE

ecut_wavefunction:      20
eig_maxiter:            5
#pw_solver:              LOBPCG

begin upf_file
  ../../pp_ONCV/C_ONCV_PBE-1.2.upf
  ../../pp_ONCV/H_ONCV_PBE-1.2.upf
end upf_file

begin super_cell_angstrom
   16.0367  8.000   17.040
end super_cell_angstrom

atom_types_num:        2

atom_type:             6

begin atom_angstrom
       9.86299198       4.00000000       0.00000000
      11.09274806       4.00000000       0.71000000
      11.09274806       4.00000000       2.13000000
       9.86299198       4.00000000       2.84000000
       9.86299198       4.00000000       4.26000000
      11.09274806       4.00000000       4.97000000
      11.09274806       4.00000000       6.39000000
       9.86299198       4.00000000       7.10000000
       9.86299198       4.00000000       8.52000000
      11.09274806       4.00000000       9.23000000
      11.09274806       4.00000000      10.65000000
       9.86299198       4.00000000      11.36000000
       9.86299198       4.00000000      12.78000000
      11.09274806       4.00000000      13.49000000
      11.09274806       4.00000000      14.91000000
       9.86299198       4.00000000      15.62000000
       7.40347984       4.00000000       0.00000000
       8.63323591       4.00000000       0.71000000
       8.63323591       4.00000000       2.13000000
       7.40347984       4.00000000       2.84000000
       7.40347984       4.00000000       4.26000000
       8.63323591       4.00000000       4.97000000
       8.63323591       4.00000000       6.39000000
       7.40347984       4.00000000       7.10000000
       7.40347984       4.00000000       8.52000000
       8.63323591       4.00000000       9.23000000
       8.63323591       4.00000000      10.65000000
       7.40347984       4.00000000      11.36000000
       7.40347984       4.00000000      12.78000000
       8.63323591       4.00000000      13.49000000
       8.63323591       4.00000000      14.91000000
       7.40347984       4.00000000      15.62000000
       4.94396769       4.00000000       0.00000000
       6.17372376       4.00000000       0.71000000
       6.17372376       4.00000000       2.13000000
       4.94396769       4.00000000       2.84000000
       4.94396769       4.00000000       4.26000000
       6.17372376       4.00000000       4.97000000
       6.17372376       4.00000000       6.39000000
       4.94396769       4.00000000       7.10000000
       4.94396769       4.00000000       8.52000000
       6.17372376       4.00000000       9.23000000
       6.17372376       4.00000000      10.65000000
       4.94396769       4.00000000      11.36000000
       4.94396769       4.00000000      12.78000000
       6.17372376       4.00000000      13.49000000
       6.17372376       4.00000000      14.91000000
       4.94396769       4.00000000      15.62000000
end atom_angstrom


atom_type:             1

begin atom_angstrom
       4.00000000       4.00000000       0.54500000
       4.00000000       4.00000000       2.29500000
       4.00000000       4.00000000       4.80500000
       4.00000000       4.00000000       6.55500000
       4.00000000       4.00000000       9.06500000
       4.00000000       4.00000000      10.81500000
       4.00000000       4.00000000      13.32500000
       4.00000000       4.00000000      15.07500000
      12.03671575       4.00000000       0.16500000
      12.03671575       4.00000000       2.67500000
      12.03671575       4.00000000       4.42500000
      12.03671575       4.00000000       6.93500000
      12.03671575       4.00000000       8.68500000
      12.03671575       4.00000000      11.19500000
      12.03671575       4.00000000      12.94500000
      12.03671575       4.00000000      15.45500000
end atom_angstrom
