# H2O system

temperature:            300
extra_states:           30

xc_type:                PBE

ecut_wavefunction:      30

begin upf_file
  ../../pp_ONCV/H_ONCV_PBE-1.2.upf
  ../../pp_ONCV/O_ONCV_PBE-1.2.upf
end upf_file

begin super_cell
   47.054180512340387565 47.054180512340387565 47.054180512340387565 
end super_cell

atom_types_num:        2

atom_type:              1
begin atom_crystal
 0.0663958 0.114095 0.119234
 0.0264853 0.104366 0.164936
 0.108387 0.0574918 0.017913
 0.083383 0.153021 0.0411166
 0.156129 0.0665873 0.0541299
 0.175204 0.130369 0.145699
 0.205277 0.141762 0.062828
 0.224104 0.0826636 0.0869662
 0.286346 0.0187963 0.107525
 0.296626 0.0461331 0.052375
 0.359235 0.129149 0.12926
 0.446661 0.101565 0.0434542
 0.454292 0.159906 0.0438231
 0.377317 0.148989 0.00441069
 0.568337 0.101883 0.0969145
 0.659617 0.036663 0.00778917
 0.513696 0.0372644 0.0459337
 0.543043 0.0633795 0.135953
 0.626585 0.0252246 0.16644
 0.75738 0.101006 0.109707
 0.807865 0.126895 0.0306478
 0.688935 0.127732 0.0335291
 0.748753 0.993237 0.0814774
 0.68388 0.0190166 0.161392
 0.877692 0.129621 0.0646245
 0.921711 0.120355 0.0211973
 0.931825 0.0893439 0.117706
 0.00614614 0.198209 0.0768789
 0.112187 0.195649 0.0811968
 0.14363 0.290623 0.0448612
 0.153626 0.282366 0.104395
 0.0206237 0.283548 0.118729
 0.0244169 0.335597 0.151785
 0.261359 0.207017 0.0572991
 0.197622 0.219549 0.0530835
 0.258641 0.308001 0.151093
 0.323411 0.257177 0.102651
 0.36069 0.236865 0.0604549
 0.446492 0.295187 0.158622
 0.556657 0.167146 0.0407357
 0.559868 0.209206 0.090735
 0.618468 0.267009 0.0434371
 0.613308 0.292483 0.128517
 0.554242 0.301052 0.11802
 0.667166 0.189818 0.0321021
 0.804627 0.168862 0.077641
 0.780865 0.270146 0.0581831
 0.827709 0.26003 0.100494
 0.699729 0.303384 0.117596
 0.699322 0.182502 0.124597
 0.711734 0.278125 -0.0015045
 0.963085 0.207414 0.153866
 0.948419 0.186389 0.0757078
 0.88748 0.284662 0.0386226
 0.935709 0.29743 0.0741807
 0.143875 0.443523 0.0864275
 0.00451971 0.381002 0.0801665
 0.111896 0.493417 0.149727
 0.0697857 0.427204 0.0431717
 0.275623 0.441004 0.0520071
 0.285735 0.460351 0.107495
 0.273366 0.350805 0.0593863
 0.191515 0.47435 0.114702
 0.293803 0.35251 0.00498826
 0.193182 0.350025 0.0185807
 0.443294 0.353769 0.148413
 0.481189 0.465844 0.144879
 0.416279 0.436131 0.0451195
 0.357447 0.451786 0.0349097
 0.367283 0.358167 0.959196
 0.489522 0.373704 0.0571218
 0.520059 0.417081 0.12671
 0.591363 0.423268 0.0478764
 0.606843 0.422088 0.156698
 0.63917 0.386478 0.118942
 0.531523 0.366048 0.0106268
 0.818802 0.424606 0.0702521
 0.708224 0.336988 0.163779
 0.783123 0.391079 0.160377
 0.745053 0.46111 0.990787
 0.860076 0.374444 0.0823504
 0.981051 0.464283 0.0965232
 0.981558 0.390578 0.0193598
 0.872957 0.442925 0.147086
 0.0965654 0.610263 0.0865629
 0.0123129 0.492704 0.14072
 0.998981 0.632266 0.15262
 0.103094 0.548955 0.0757554
 0.0488626 0.577593 0.0173518
 0.271118 0.554011 0.0599126
 0.255179 0.601562 0.0954262
 0.286379 0.629582 0.0149978
 0.313403 0.649599 0.16971
 0.375276 0.549636 0.0767257
 0.365321 0.595003 0.0351728
 0.585405 0.520223 0.129481
 0.615637 0.630125 0.0263949
 0.609405 0.561435 0.088627
 0.693193 0.572375 0.137885
 0.752888 0.563911 0.145921
 0.73665 0.651508 0.107222
 0.747207 0.572495 0.0522111
 0.785054 0.503107 0.0109446
 0.752957 0.591541 0.987621
 0.918086 0.482868 0.16774
 0.888676 0.650009 0.130519
 0.938439 0.546228 0.0722397
 0.92934 0.640968 0.0500327
 0.968985 0.564132 0.0180187
 0.0527969 0.699973 0.0977066
 0.100466 0.687149 0.137096
 0.0570664 0.800078 0.111147
 0.0939913 0.757069 0.0295557
 0.107204 0.695512 0.0271307
 0.146057 0.777104 0.141753
 0.0242367 0.811094 0.0605556
 0.282881 0.713348 0.0147273
 0.208938 0.831052 0.103021
 0.230863 0.775011 0.0850019
 0.319407 0.682776 0.115178
 0.253162 0.788968 0.164783
 0.374914 0.766582 0.0716493
 0.396596 0.711843 0.0629543
 0.418635 0.818516 0.0217695
 0.465146 0.809821 0.0972149
 0.490698 0.697866 0.00543629
 0.55787 0.688457 0.073378
 0.591656 0.726785 0.0408297
 0.674546 0.79231 0.121522
 0.603062 0.824447 0.0625016
 0.529048 0.739439 0.150535
 0.585287 0.720978 0.160822
 0.73663 0.702462 0.0731498
 0.703282 0.708321 0.149839
 0.792708 0.751994 0.127048
 0.693899 0.77102 0.00680896
 0.819954 0.78545 0.170684
 0.922275 0.763641 0.148292
 0.947706 0.699506 0.0393306
 0.862711 0.769336 0.0527055
 0.952655 0.824855 0.0152895
 0.983832 0.773612 0.154325
 0.141532 0.00147084 0.104565
 0.131111 0.975736 0.157482
 0.199203 0.885576 0.0291923
 0.25319 0.901152 0.102299
 0.198535 0.92965 0.114501
 0.324156 0.926912 0.150374
 0.318274 0.971222 0.993141
 0.336678 0.869052 0.996903
 0.34419 0.945544 0.0975775
 0.453021 0.946471 0.152544
 0.447144 0.918407 0.0644056
 0.4411 0.978904 0.0747395
 0.510061 0.824862 0.0555018
 0.639104 0.958367 0.0710275
 0.599354 0.00563868 0.0747305
 0.660056 0.848437 0.141936
 0.578491 0.850742 0.0087839
 0.690856 0.851854 0.0486927
 0.740723 0.857331 0.0114758
 0.784392 0.911385 0.102674
 0.751927 0.964199 0.0234184
 0.803668 0.850122 0.124717
 0.934058 0.854623 0.139743
 0.942278 0.865896 0.0635779
 0.886123 0.893581 0.125292
 0.964914 0.963034 0.144226
 0.126373 0.134462 0.183891
 0.0750913 0.0284249 0.183438
 0.0916402 0.993073 0.327914
 0.199151 0.073627 0.202546
 0.299515 0.0384538 0.207913
 0.203334 0.0115658 0.195206
 0.228151 0.0406545 0.289893
 0.26815 0.00851435 0.329386
 0.362258 0.090222 0.176409
 0.329782 0.00597176 0.248698
 0.475715 0.0777675 0.232895
 0.451813 0.158371 0.265546
 0.404787 0.119315 0.251353
 0.500431 0.0238537 0.209776
 0.609399 0.106693 0.245201
 0.555734 0.0783456 0.250781
 0.616901 0.0225266 0.286778
 0.774778 0.0742153 0.163194
 0.675396 0.155953 0.176651
 0.789039 0.164697 0.280767
 0.823363 0.0911737 0.236311
 0.777274 0.111581 0.322009
 0.812742 6.1791e-05 0.217056
 0.94847 0.150736 0.17341
 0.861097 0.0815672 0.181977
 0.862243 0.0879902 0.331874
 0.948348 0.0466607 0.163471
 0.0631589 0.31233 0.221522
 0.0200389 0.179397 0.211659
 0.0433756 0.166779 0.26802
 0.10706 0.226211 0.226397
 0.0141252 0.329449 0.255775
 0.143412 0.257316 0.265326
 0.169695 0.293754 0.185844
 0.317831 0.326996 0.167253
 0.292078 0.186968 0.331711
 0.29239 0.162409 0.198611
 0.230216 0.161301 0.211358
 0.276778 0.212262 0.281546
 0.24044 0.309411 0.302916
 0.374405 0.205966 0.178007
 0.477819 0.236312 0.291317
 0.361149 0.265909 0.205001
 0.41282 0.328138 0.290688
 0.455844 0.231216 0.233623
 0.635851 0.226096 0.198604
 0.575119 0.222613 0.20575
 0.601996 0.274379 0.284493
 0.569357 0.326227 0.278089
 0.742747 0.207124 0.21035
 0.772441 0.248645 0.237727
 0.782389 0.313632 0.286255
 0.719067 0.262297 0.325077
 0.145544 0.385976 0.289339
 0.0661701 0.432721 0.259115
 0.166098 0.348447 0.162943
 0.326623 0.33987 0.260293
 0.174558 0.431222 0.260723
 0.218182 0.360277 0.270724
 0.255053 0.387853 0.164959
 0.240835 0.442336 0.192158
 0.403194 0.429159 0.163882
 0.340802 0.428509 0.175627
 0.368133 0.357817 0.215461
 0.397293 0.495282 0.257632
 0.486817 0.365623 0.268679
 0.500784 0.34977 0.210108
 0.575136 0.425647 0.235442
 0.630347 0.464346 0.244756
 0.543616 0.503271 0.209726
 0.770045 0.366024 0.216765
 0.721866 0.440301 0.237294
 0.765657 0.48978 0.289279
 0.825732 0.355895 0.274234
 0.69918 0.419389 0.28474
 0.832834 0.444968 0.286783
 0.864567 0.430198 0.229869
 0.904095 0.404929 0.310968
 0.0282489 0.476496 0.276514
 0.0716227 0.501872 0.198735
 0.0714545 0.61061 0.256046
 0.0144583 0.615851 0.24793
 0.10181 0.575654 0.19119
 0.149021 0.617257 0.196716
 0.155185 0.677725 0.329851
 0.244949 0.50317 0.25073
 0.317418 0.503562 0.298664
 0.182444 0.516261 0.245534
 0.224501 0.635112 0.295534
 0.285663 0.558733 0.283219
 0.344369 0.524331 0.199451
 0.45874 0.502566 0.250282
 0.377114 0.567981 0.17794
 0.386525 0.619966 0.249383
 0.43919 0.619728 0.212021
 0.43059 0.569715 0.31425
 0.522677 0.657135 0.184356
 0.509145 0.553501 0.206121
 0.522397 0.629492 0.244214
 0.631539 0.578066 0.185018
 0.661591 0.628013 0.213406
 0.55847 0.580995 0.324634
 0.511671 0.609487 0.333954
 0.657306 0.580527 0.291042
 0.793249 0.516469 0.33319
 0.801404 0.546644 0.226215
 0.75852 0.651788 0.280046
 0.782211 0.610537 0.320965
 0.832047 0.510505 0.188831
 0.853414 0.614259 0.16859
 0.949597 0.609396 0.186074
 0.123508 0.811977 0.188629
 0.0543249 0.687237 0.2521
 0.0841973 0.731297 0.212705
 0.131946 0.705168 0.271504
 0.0530424 0.766005 0.323666
 0.219364 0.664564 0.158281
 0.189952 0.708995 0.194
 0.245224 0.770243 0.264102
 0.205921 0.744745 0.304074
 0.306589 0.762407 0.185969
 0.318204 0.686277 0.336501
 0.298644 0.740753 0.310127
 0.39354 0.708183 0.203461
 0.439676 0.782927 0.175651
 0.372215 0.743684 0.248459
 0.438677 0.684483 0.335533
 0.494232 0.820783 0.178009
 0.677377 0.716068 0.207953
 0.677605 0.696861 0.30536
 0.728659 0.730355 0.28816
 0.785678 0.787783 0.285163
 0.737702 0.83121 0.290228
 0.88213 0.677914 0.221736
 0.865985 0.667099 0.276187
 0.862345 0.810832 0.247701
 0.851808 0.74987 0.24664
 0.979506 0.686941 0.318734
 0.10537 0.841111 0.287015
 0.0797402 0.992153 0.232552
 0.0187545 0.918845 0.293288
 0.0427076 0.827158 0.33078
 0.166813 0.846885 0.287504
 0.266599 0.910213 0.273089
 0.226967 0.945368 0.314016
 0.305601 0.84786 0.214428
 0.376109 0.00433791 0.328294
 0.350854 0.88808 0.234101
 0.429091 0.932586 0.261364
 0.426969 0.884558 0.298667
 0.340898 0.956676 0.317814
 0.63991 0.929808 0.193228
 0.495509 0.923176 0.195125
 0.654259 0.979908 0.321073
 0.572551 0.86543 0.21455
 0.531679 0.859137 0.260137
 0.668588 0.884273 0.225368
 0.753117 0.914564 0.251562
 0.716065 0.905679 0.30099
 0.813032 0.940272 0.186733
 0.819112 0.973508 0.291382
 0.0136373 0.985337 0.17782
 0.989382 0.891535 0.242459
 0.934832 0.897169 0.319816
 0.860714 0.94913 0.328734
 0.122039 0.105505 0.371064
 0.0741373 0.0911638 0.338716
 0.0731032 0.0414385 0.42515
 0.984952 0.0679929 0.467031
 0.0710434 0.00835766 0.477855
 0.272162 0.12935 0.40906
 0.214188 0.0943591 0.46498
 0.192798 0.143486 0.426099
 0.284349 0.0946213 0.359361
 0.196126 0.00805539 0.394289
 0.418227 0.124369 0.346961
 0.437052 0.0448143 0.373277
 0.374825 0.121032 0.388554
 0.392762 0.0188253 0.440677
 0.466053 0.155111 0.425612
 0.380591 0.0397936 0.500128
 0.471969 0.999148 0.39405
 0.475184 0.0333534 0.481124
 0.621168 0.122692 0.389715
 0.580051 0.115961 0.340061
 0.588151 0.043903 0.393792
 0.524219 0.153543 0.407305
 0.674981 0.0753412 0.486786
 0.52735 0.00704939 0.452421
 0.76013 0.046377 0.413812
 0.805273 0.0884733 0.409848
 0.713007 0.11622 0.41548
 0.772283 0.992367 0.480306
 0.893703 0.0340368 0.336659
 0.962542 0.106033 0.351043
 0.990169 0.122501 0.498819
 0.991338 0.109071 0.40608
 0.859798 0.11744 0.471766
 0.895823 0.135342 0.421372
 0.155366 0.191261 0.361514
 0.140897 0.309335 0.336888
 0.116237 0.19712 0.406023
 0.0513991 0.214634 0.470385
 0.0388 0.251591 0.421079
 0.183109 0.281786 0.369609
 0.216507 0.256225 0.452805
 0.303687 0.206548 0.475272
 0.256314 0.302248 0.437924
 0.459405 0.315635 0.329401
 0.339878 0.263678 0.357648
 0.340135 0.307043 0.400648
 0.442989 0.268402 0.382269
 0.35059 0.217027 0.433068
 0.490659 0.227699 0.385217
 0.448835 0.311948 0.476274
 0.575878 0.314066 0.37008
 0.545068 0.308061 0.422108
 0.618069 0.309889 0.456758
 0.671745 0.320105 0.482575
 0.689384 0.165209 0.447647
 0.677684 0.24527 0.485785
 0.711592 0.322191 0.34811
 0.739305 0.243297 0.473371
 0.99073 0.283057 0.342895
 0.85398 0.269672 0.329261
 0.819082 0.191081 0.447163
 0.985174 0.197454 0.382438
 0.845476 0.253376 0.389921
 0.818522 0.247548 0.477216
 0.929816 0.242245 0.378466
 0.957817 0.259507 0.457308
 0.953714 0.321744 0.463586
 0.0644312 0.348388 0.340281
 0.110095 0.370447 0.378747
 0.0713491 0.494915 0.419973
 0.0896456 0.484862 0.360818
 0.123277 0.357401 0.484957
 0.0763448 0.434557 0.499654
 0.311404 0.37719 0.463701
 0.181003 0.38829 0.408386
 0.193305 0.338158 0.438698
 0.247511 0.402407 0.341223
 0.259023 0.506783 0.462885
 0.280367 0.386412 0.410421
 0.252098 0.456465 0.374821
 0.239085 0.449095 0.468316
 0.43302 0.365017 0.460776
 0.355667 0.467735 0.373188
 0.433553 0.465349 0.333341
 0.426217 0.407109 0.344369
 0.50456 0.427727 0.387245
 0.425143 0.477985 0.461285
 0.373494 0.476606 0.489161
 0.553034 0.391762 0.401537
 0.563027 0.48816 0.371327
 0.652995 0.40863 0.394492
 0.51648 0.368896 0.505387
 0.732173 0.378731 0.489636
 0.773212 0.353432 0.446187
 0.712639 0.420748 0.391471
 0.975468 0.341824 0.340074
 0.944417 0.443351 0.33518
 0.819234 0.408038 0.392404
 0.840176 0.400835 0.485456
 0.844147 0.348251 0.381063
 0.948904 0.416096 0.424184
 0.995652 0.413905 0.463112
 0.900191 0.403167 0.495937
 0.836055 0.507716 0.409685
 0.00786525 0.51711 0.358176
 0.02886 0.616766 0.342794
 0.0139153 0.635346 0.401487
 0.11093 0.623459 0.397595
 0.110924 0.580818 0.496646
 0.153635 0.659386 0.423893
 0.339726 0.525768 0.38412
 0.257314 0.640932 0.347163
 0.197075 0.570957 0.407814
 0.24736 0.589365 0.436257
 0.277864 0.647527 0.503893
 0.404029 0.599885 0.360845
 0.370871 0.563522 0.443252
 0.366022 0.62424 0.436553
 0.640049 0.545869 0.338262
 0.599654 0.654651 0.342825
 0.591758 0.532163 0.404112
 0.78331 0.494593 0.4389
 0.705734 0.611487 0.386457
 0.737598 0.563066 0.469974
 0.737496 0.642335 0.429043
 0.752086 0.541525 0.525905
 0.882825 0.593889 0.340952
 0.874581 0.597012 0.482258
 0.946224 0.531433 0.344107
 0.903911 0.611508 0.395267
 0.963709 0.643016 0.489947
 0.821301 0.613509 0.455732
 0.152757 0.758557 0.45026
 0.0888759 0.798461 0.406452
 0.087586 0.818633 0.474513
 0.159876 0.716557 0.493287
 0.235157 0.761209 0.502046
 0.240311 0.818688 0.36275
 0.230117 0.702286 0.434926
 0.285142 0.720578 0.40972
 0.262635 0.803227 0.460891
 0.498862 0.748931 0.360808
 0.409793 0.739212 0.332941
 0.398181 0.699181 0.480297
 0.471461 0.7435 0.444758
 0.489057 0.754154 0.504131
 0.396736 0.797113 0.507278
 0.602712 0.687702 0.50085
 0.547766 0.740712 0.394346
 0.622602 0.697433 0.384221
 0.632198 0.786567 0.444125
 0.656988 0.732317 0.462344
 0.758656 0.787254 0.374147
 0.739392 0.733875 0.455732
 0.814213 0.777811 0.403036
 0.959088 0.701456 0.463463
 0.951158 0.742111 0.331986
 0.890617 0.798338 0.437582
 0.891026 0.829875 0.384328
 0.102194 0.940496 0.295568
 0.125687 0.874862 0.405017
 0.310062 0.981015 0.457413
 0.170523 0.960824 0.415415
 0.247597 0.969454 0.463926
 0.321701 0.903499 0.427632
 0.279105 0.859413 0.390061
 0.185914 0.873378 0.407876
 0.445603 0.885887 0.475807
 0.460296 0.833951 0.445294
 0.377292 0.885278 0.408029
 0.512527 0.894663 0.338488
 0.583143 0.988403 0.370263
 0.522342 0.834673 0.358253
 0.662778 0.857178 0.447029
 0.602702 0.861003 0.423007
 0.668272 0.895912 0.375989
 0.787595 0.845326 0.443519
 0.720565 0.933047 0.38253
 0.786509 0.932672 0.431766
 0.79681 0.971154 0.380083
 0.999408 0.969544 0.431501
 0.919388 0.915726 0.37745
 0.96419 0.93581 0.472778
 0.0580208 0.167408 0.552815
 0.0695722 0.0931209 0.606805
 0.0947637 0.0739444 0.558701
 0.1659 0.127254 0.596505
 0.146072 0.00289566 0.505176
 0.999979 0.0693278 0.640508
 0.217178 0.0785762 0.556033
 0.258817 0.0346671 0.540938
 0.314215 0.0429609 0.641658
 0.206789 0.166337 0.61936
 0.379892 0.120414 0.519353
 0.435957 0.104417 0.543219
 0.349809 0.0562811 0.593223
 0.494928 0.152294 0.57166
 0.414008 0.0226402 0.652676
 0.478488 0.162158 0.664756
 0.466646 0.996852 0.658114
 0.508271 0.147107 0.509465
 0.609534 0.0386732 0.540153
 0.563366 0.0736448 0.553621
 0.584568 0.0442588 0.653086
 0.696291 0.100309 0.537545
 0.704631 0.123961 0.623821
 0.738661 0.0244856 0.519208
 0.835843 0.0575275 0.538206
 0.83398 0.113862 0.559693
 0.941069 0.156029 0.626434
 0.917854 0.0675945 0.592871
 0.924991 0.984156 0.607439
 0.911897 0.0614542 0.653403
 0.00490736 0.201487 0.566333
 0.991592 0.306031 0.544067
 0.0253921 0.283018 0.588685
 0.119057 0.304464 0.634213
 0.176877 0.242151 0.665925
 0.224009 0.204809 0.538924
 0.259535 0.250917 0.549643
 0.265751 0.253757 0.639935
 0.315234 0.288913 0.614646
 0.186514 0.326973 0.572184
 0.404441 0.27399 0.560226
 0.457321 0.245048 0.627725
 0.377416 0.25431 0.507963
 0.406247 0.268823 0.659471
 0.676255 0.177017 0.633501
 0.529418 0.19167 0.642653
 0.626697 0.309417 0.594559
 0.587082 0.248105 0.640058
 0.569735 0.32945 0.577556
 0.75479 0.179221 0.586902
 0.694928 0.253748 0.569752
 0.72091 0.307032 0.597945
 0.787164 0.195354 0.538324
 0.832739 0.229501 0.60428
 0.897999 0.285712 0.515027
 0.861447 0.281812 0.615754
 0.853568 0.326274 0.523711
 0.921497 0.215349 0.618111
 0.0770764 0.33808 0.523693
 0.0476081 0.487434 0.517473
 0.137896 0.367048 0.566916
 0.138125 0.389649 0.658998
 0.23001 0.397893 0.60675
 0.319201 0.42114 0.528412
 0.271186 0.379825 0.653348
 0.287639 0.504442 0.666015
 0.427899 0.346179 0.60741
 0.366908 0.383533 0.538525
 0.426038 0.408007 0.620253
 0.499266 0.3763 0.562601
 0.573846 0.436467 0.527326
 0.591708 0.446916 0.657697
 0.579599 0.498413 0.527322
 0.599593 0.478615 0.601472
 0.594482 0.363266 0.665601
 0.680061 0.448038 0.530091
 0.725361 0.478497 0.514092
 0.752408 0.383204 0.572864
 0.798895 0.360982 0.613323
 0.747291 0.395616 0.667557
 0.00119076 0.395313 0.593657
 0.890082 0.383477 0.616625
 0.984183 0.449409 0.619642
 0.888538 0.503056 0.520953
 0.034194 0.539157 0.629147
 0.148559 0.555754 0.540747
 0.0910044 0.651834 0.628062
 0.0182884 0.554147 0.576401
 0.00968815 0.634835 0.583791
 0.0938222 0.638009 0.566631
 0.301771 0.597904 0.532105
 0.233925 0.557965 0.563267
 0.226115 0.504425 0.537786
 0.173915 0.531056 0.625198
 0.206645 0.676471 0.569073
 0.365901 0.536707 0.537545
 0.351974 0.542625 0.597557
 0.385338 0.656205 0.618084
 0.475808 0.632926 0.589473
 0.437465 0.643223 0.509673
 0.492453 0.560158 0.65927
 0.56309 0.585728 0.507178
 0.511855 0.556774 0.525281
 0.636785 0.521146 0.65981
 0.498747 0.655478 0.50923
 0.647049 0.621357 0.645626
 0.620766 0.642465 0.540383
 0.504038 0.657445 0.640818
 0.531946 0.51058 0.657674
 0.777045 0.540241 0.619976
 0.716697 0.554866 0.612378
 0.813824 0.651474 0.53552
 0.791407 0.638313 0.590865
 0.937427 0.493852 0.556596
 0.948741 0.612842 0.582062
 0.882861 0.578186 0.584941
 0.889931 0.579458 0.645484
 0.14545 0.700298 0.577152
 0.0389729 0.801498 0.550316
 0.0246321 0.718178 0.578884
 0.995697 0.796792 0.633822
 0.276386 0.771188 0.644203
 0.260273 0.81468 0.5637
 0.3325 0.684835 0.621148
 0.338657 0.80962 0.517378
 0.364957 0.673641 0.528074
 0.40093 0.747244 0.61924
 0.401923 0.810143 0.618683
 0.481594 0.778623 0.639789
 0.582403 0.784766 0.528543
 0.554221 0.763179 0.578233
 0.662756 0.768958 0.647179
 0.741162 0.706334 0.512598
 0.680562 0.676541 0.632837
 0.707185 0.79269 0.560475
 0.746193 0.781066 0.604853
 0.851356 0.713421 0.570242
 0.966461 0.73803 0.563602
 0.885945 0.742983 0.618369
 0.884067 0.786176 0.537146
 0.0858683 0.843469 0.554861
 0.137607 0.874879 0.617865
 0.11781 0.965976 0.548088
 0.228516 0.969851 0.625325
 0.180957 0.868171 0.575985
 0.273728 0.869308 0.588941
 0.283794 0.947337 0.544958
 0.309704 0.971149 0.597722
 0.409227 0.950288 0.51348
 0.469338 0.949432 0.587183
 0.393036 0.898025 0.540413
 0.553745 0.842651 0.647216
 0.521505 0.98287 0.584859
 0.628843 0.90747 0.604753
 0.534546 0.899334 0.622446
 0.650011 0.959772 0.577814
 0.826009 0.859221 0.490192
 0.807863 0.966934 0.649824
 0.677826 0.887441 0.53283
 0.736159 0.869867 0.509515
 0.803393 0.951754 0.588201
 0.796731 0.864364 0.641063
 0.00201939 0.878564 0.534717
 0.949915 0.904231 0.561043
 0.918926 0.830489 0.51341
 0.880561 0.93871 0.616402
 0.958942 0.929279 0.659536
 0.0459242 0.0352156 0.666526
 0.0564055 0.117001 0.713474
 0.1207 0.00497887 0.751707
 0.105395 0.0781381 0.833992
 0.0105212 0.155451 0.792889
 0.0766981 0.98771 0.793891
 0.233692 0.09577 0.643585
 0.228108 0.0428848 0.673285
 0.305489 0.0431176 0.788231
 0.281018 0.0811367 0.745435
 0.244902 0.118219 0.821882
 0.359798 0.10299 0.789863
 0.411606 0.11238 0.822563
 0.447331 0.117291 0.738976
 0.464583 0.0738984 0.698705
 0.525103 0.0945523 0.760927
 0.596086 0.0533399 0.7098
 0.67227 0.0517854 0.67184
 0.55641 0.0826864 0.814548
 0.720825 0.0893126 0.692209
 0.743694 0.102783 0.775699
 0.754103 0.0207261 0.691606
 0.83038 0.0665337 0.714917
 0.76695 0.963613 0.715454
 0.836297 0.155155 0.708887
 0.888324 0.0623934 0.736685
 0.951974 0.0251958 0.795688
 0.946018 0.0861044 0.805011
 0.0817882 0.273462 0.677283
 0.042834 0.179853 0.717164
 0.13829 0.31127 0.721756
 0.123835 0.314198 0.821018
 0.212903 0.214233 0.706874
 0.213552 0.192077 0.803736
 0.226631 0.247087 0.785922
 0.319813 0.289871 0.716041
 0.365897 0.258438 0.745601
 0.377863 0.186031 0.796701
 0.423657 0.228397 0.795628
 0.59732 0.221808 0.69592
 0.525895 0.254985 0.764103
 0.526663 0.200714 0.790964
 0.621371 0.290422 0.779741
 0.611969 0.232564 0.792827
 0.749135 0.156927 0.742187
 0.686939 0.272643 0.670638
 0.669497 0.268321 0.730298
 0.802804 0.225747 0.752804
 0.748081 0.253813 0.746654
 0.785726 0.311982 0.79025
 0.993134 0.267769 0.736756
 0.979322 0.22209 0.695766
 0.842302 0.212918 0.685855
 0.884849 0.222637 0.766297
 0.986389 0.325621 0.802038
 0.937989 0.211869 0.802347
 0.150193 0.366666 0.737759
 0.0505699 0.391189 0.695618
 0.991776 0.415361 0.688065
 0.142857 0.451544 0.671258
 0.216649 0.3217 0.721649
 0.264396 0.35892 0.739711
 0.274681 0.44793 0.764149
 0.335236 0.423148 0.760496
 0.394537 0.347875 0.742696
 0.417758 0.405434 0.728202
 0.481535 0.354681 0.775468
 0.373989 0.458879 0.669637
 0.43367 0.481972 0.676181
 0.452641 0.484945 0.843687
 0.537206 0.368256 0.742138
 0.621216 0.382743 0.717986
 0.543078 0.339096 0.821441
 0.649712 0.38554 0.815262
 0.55154 0.514666 0.830084
 0.787114 0.483191 0.692821
 0.707087 0.437877 0.68798
 0.686516 0.357613 0.77074
 0.759402 0.444254 0.791959
 0.869593 0.374217 0.673213
 1.00258 0.353138 0.748378
 0.0117879 0.465331 0.790344
 0.864673 0.380854 0.76581
 0.923782 0.369204 0.748628
 0.898419 0.473026 0.713564
 0.895417 0.501163 0.833739
 0.0961189 0.560212 0.676241
 0.0633592 0.593289 0.720331
 0.0696698 0.637608 0.79899
 0.0507328 0.666681 0.749576
 0.207069 0.516932 0.817236
 0.26829 0.504109 0.815038
 0.182039 0.551485 0.682291
 0.239317 0.544684 0.745074
 0.235562 0.606659 0.74328
 0.31938 0.550736 0.683804
 0.180416 0.626973 0.824269
 0.350529 0.544904 0.812323
 0.421674 0.62461 0.778161
 0.466621 0.561736 0.791817
 0.40228 0.602546 0.837169
 0.499363 0.530854 0.746654
 0.541664 0.602686 0.782925
 0.627838 0.602099 0.785791
 0.677887 0.552666 0.701854
 0.561046 0.658315 0.806691
 0.641641 0.550445 0.816024
 0.722405 0.593328 0.774335
 0.778193 0.540531 0.718813
 0.827206 0.63852 0.756903
 0.749671 0.640721 0.737386
 0.98456 0.517499 0.810849
 0.860354 0.514868 0.696806
 0.936987 0.560975 0.739856
 0.888254 0.622574 0.767981
 0.975228 0.602528 0.767615
 0.87315 0.663906 0.830854
 0.115748 0.723551 0.711639
 0.0551321 0.74864 0.694703
 0.13887 0.791703 0.819772
 0.172726 0.757295 0.74977
 0.244958 0.733394 0.679853
 0.186177 0.698532 0.750673
 0.333296 0.74906 0.708341
 0.225418 0.671721 0.82333
 0.324445 0.80412 0.827857
 0.448397 0.667855 0.700941
 0.391836 0.773446 0.696635
 0.413736 0.703304 0.735301
 0.443869 0.816068 0.836694
 0.409902 0.787087 0.788735
 0.532478 0.750266 0.666322
 0.553477 0.667848 0.714194
 0.594974 0.697908 0.674366
 0.646782 0.788573 0.706265
 0.613023 0.819448 0.794529
 0.714905 0.727449 0.730001
 0.756893 0.719931 0.77796
 0.84268 0.771365 0.691327
 0.988618 0.81047 0.692195
 0.865827 0.717466 0.706177
 0.917321 0.788224 0.738321
 0.964611 0.79925 0.78297
 0.0979815 0.944734 0.68977
 0.0724587 0.842522 0.675388
 0.121023 0.847304 0.717572
 0.149123 0.983109 0.670606
 0.186526 0.82667 0.803051
 0.226202 0.944183 0.678489
 0.236956 0.838722 0.681403
 0.223724 0.864128 0.733312
 0.340056 0.879581 0.672604
 0.25718 0.933844 0.797427
 0.276713 0.850098 0.830028
 0.420424 0.977178 0.744606
 0.347624 0.969308 0.804625
 0.343295 0.854561 0.727921
 0.390387 0.925241 0.748376
 0.462306 0.943517 0.80933
 0.564117 0.917572 0.694584
 0.579851 0.96887 0.729295
 0.604397 0.869242 0.756339
 0.519474 0.931043 0.784748
 0.77674 0.84025 0.691065
 0.698944 0.863477 0.774999
 0.746391 0.847582 0.809823
 0.752696 0.936018 0.830754
 0.812524 0.945063 0.825646
 1.00381 0.955583 0.757808
 0.974496 0.888273 0.701763
 0.886594 0.874974 0.817015
 0.989509 0.953421 0.815369
 0.0972286 0.123732 0.802497
 0.0194475 0.00206879 0.976676
 0.0620036 0.0911627 0.968282
 0.114585 0.120112 0.946261
 1.00643 0.165273 0.855199
 0.185431 0.134148 0.842672
 0.240997 0.0511631 0.894623
 0.289629 0.0103928 0.955727
 0.333017 0.168084 0.961744
 0.311076 0.974718 0.857407
 0.224692 0.991693 0.898683
 0.389837 0.00876272 0.952961
 0.427788 0.0703714 0.901093
 0.410507 0.121594 0.92357
 0.497734 0.113453 0.877472
 0.491628 0.0339425 0.989151
 0.589634 0.159945 0.863553
 0.544964 0.0835271 0.905113
 0.660392 0.0774877 0.930324
 0.644075 0.0382872 0.884298
 0.541915 0.168114 0.937685
 0.717369 0.0488702 0.988716
 0.796104 0.0548596 0.950408
 0.804551 0.115754 0.941222
 0.719687 0.0846869 0.863359
 0.750178 0.0381514 0.837262
 0.979485 0.0445845 0.955723
 0.873046 0.0581022 0.92578
 0.906617 0.0398886 0.871869
 0.931726 0.130496 0.919849
 0.972662 0.168865 0.949368
 0.0540782 0.187098 0.93528
 0.0197861 0.352077 0.882049
 0.146416 0.299444 0.874039
 0.0464357 0.298942 0.86384
 0.0149173 0.233627 0.916604
 0.201876 0.319867 0.93773
 0.235356 0.272983 0.913265
 0.246222 0.199689 0.966574
 0.262885 0.184735 0.909143
 0.385029 0.241821 0.87444
 0.391475 0.223107 0.934033
 0.467782 0.282685 0.917949
 0.356174 0.298849 0.949971
 0.487623 0.317198 0.966496
 0.606508 0.229953 0.994342
 0.641433 0.187249 0.868738
 0.540231 0.23143 0.948402
 0.641078 0.29791 0.928692
 0.530553 0.325599 0.889119
 0.742766 0.24153 0.841433
 0.811438 0.212461 0.984435
 0.669086 0.274184 0.881015
 0.744637 0.223945 0.901826
 0.754114 0.177807 0.983086
 0.762972 0.302556 0.974331
 0.849577 0.305529 0.914567
 0.887148 0.241889 0.957057
 0.889197 0.200424 0.00715241
 0.901172 0.260039 0.858766
 0.937121 0.291454 0.901667
 0.133214 0.37122 0.00598488
 0.0661654 0.467704 0.913535
 0.0995483 0.450418 0.995389
 0.27661 0.391936 0.831428
 0.263914 0.366492 0.883899
 0.309187 0.45064 0.912514
 0.349431 0.473778 0.961582
 0.400346 0.35057 0.842769
 0.349705 0.377944 0.866405
 0.408334 0.445211 0.867496
 0.586971 0.451771 0.992902
 0.594409 0.33131 0.870951
 0.65748 0.419571 0.979439
 0.638067 0.459704 0.864134
 0.796454 0.348012 0.836509
 0.677166 0.428062 0.890695
 0.725938 0.485266 0.817522
 0.708967 0.383698 0.976126
 0.829525 0.355728 0.933365
 0.830252 0.440766 0.958175
 0.830366 0.490963 0.821506
 0.921247 0.339563 0.00432333
 0.86373 0.446469 0.903947
 0.910133 0.388409 0.970117
 0.986569 0.391975 0.933862
 0.976825 0.424173 0.882951
 0.12181 0.610274 0.891765
 0.0636447 0.631682 0.883579
 0.0601965 0.515979 0.946972
 0.124794 0.52648 0.890634
 0.0208252 0.614566 0.973755
 0.34133 0.522367 0.868902
 0.268505 0.530564 0.943288
 0.219831 0.555972 0.973367
 0.181986 0.543336 0.900209
 0.30395 0.607549 0.877477
 0.321787 0.637405 0.962049
 0.428936 0.531448 0.991093
 0.428001 0.519614 0.928839
 0.432096 0.600227 0.928933
 0.387495 0.639876 0.904961
 0.663478 0.58965 0.0327527
 0.524248 0.529965 0.960188
 0.582725 0.55353 0.975133
 0.575982 0.521952 0.88739
 0.675026 0.623578 0.859271
 0.859191 0.549142 0.913017
 0.873298 0.570037 0.97197
 0.860987 0.641739 0.893756
 0.106555 0.719239 0.882921
 0.036365 0.697589 0.973743
 0.130564 0.772333 0.897886
 0.156357 0.754086 0.971618
 0.0365756 0.78289 0.861943
 0.289248 0.667991 0.89054
 0.240206 0.757177 0.00197545
 0.190246 0.805248 0.96312
 0.223133 0.73232 0.896891
 0.256764 0.750892 0.847989
 0.451878 0.661734 0.975162
 0.400071 0.771939 0.987815
 0.467708 0.681676 0.871149
 0.474246 0.740319 0.852942
 0.588275 0.704364 0.949233
 0.551722 0.701491 0.901941
 0.592761 0.774705 0.889993
 0.649662 0.671939 0.88911
 0.537123 0.842164 0.861019
 0.627452 0.828083 0.878267
 0.696094 0.710917 0.981275
 0.746185 0.692057 0.870041
 0.807207 0.699487 0.862364
 0.764716 0.781539 0.86846
 0.730908 0.832466 0.882883
 0.842719 0.807198 0.00771162
 0.980335 0.701153 0.947256
 0.905001 0.750805 0.964102
 0.905663 0.710622 0.92098
 0.97912 0.775887 0.881172
 0.138751 0.980396 0.992819
 0.0095305 0.901892 1.0021
 0.145037 0.972335 0.845867
 0.0913276 0.942251 0.97244
 0.147351 0.955846 0.904278
 0.0106813 0.92554 0.939427
 0.17264 0.896757 0.976721
 0.203954 0.92052 0.826394
 0.282129 0.884476 0.973988
 0.495812 0.889202 0.855697
 0.398661 0.881108 0.869465
 0.411864 0.967112 0.912264
 0.362338 0.897705 0.916733
 0.6336 0.954884 0.962747
 0.531723 0.933737 0.962134
 0.509257 0.881371 0.937831
 0.53141 0.987292 0.89306
 0.576645 0.993083 0.931677
 0.672831 0.904582 0.908698
 0.798793 0.848784 0.93459
 0.705256 0.985406 0.934624
 0.766066 0.981456 0.910895
 0.689279 0.853807 0.943031
 0.82495 0.891377 0.969037
 0.911684 0.935305 0.98041
 0.837278 0.858796 0.85158
 0.886152 0.971093 0.943989
 0.982234 0.874863 0.862479
 0.936106 0.91149 0.88742
end atom_crystal

atom_type:              8
begin atom_crystal
 0.0596582 0.0910416 0.150789
 0.131972 0.0381296 0.0407694
 0.193836 0.106138 0.0818757
 0.279607 0.052244 0.0879046
 0.359698 0.128745 0.167759
 0.428076 0.132723 0.0575021
 0.480362 0.040913 0.0270943
 0.652277 0.995907 0.162131
 0.565146 0.0621154 0.103782
 0.743435 0.078927 0.138075
 0.808517 0.131867 0.068723
 0.683 0.0661936 0.998743
 0.916317 0.133573 0.0594248
 0.931294 0.0826614 0.155171
 0.0827431 0.171496 0.0752981
 0.145258 0.260479 0.069784
 0.00960803 0.320617 0.117138
 0.227615 0.194245 0.0408491
 0.29375 0.316314 0.137414
 0.325613 0.231053 0.0728576
 0.181275 0.31274 0.155083
 0.469373 0.325825 0.154031
 0.545962 0.173247 0.0789285
 0.58449 0.276734 0.109124
 0.682874 0.159222 0.054145
 0.795351 0.244966 0.084868
 0.679046 0.323102 0.140122
 0.688398 0.191244 0.161503
 0.74101 0.301756 0.00939401
 0.970572 0.215806 0.0876488
 0.902365 0.313323 0.061233
 0.158166 0.458043 0.121639
 1.00095 0.408085 0.0509547
 0.106821 0.431243 0.0303694
 0.289294 0.472356 0.0694137
 0.262774 0.36572 0.027102
 0.387794 0.437477 0.0178611
 0.482341 0.431189 0.123024
 0.496213 0.35714 0.023575
 0.596812 0.418612 0.00902194
 0.604092 0.403964 0.121716
 0.782869 0.46579 0.00433278
 0.833447 0.401089 0.0969574
 0.975682 0.490706 0.124883
 0.0792226 0.511298 0.160909
 0.10497 0.58492 0.0593019
 0.255261 0.590303 0.0570518
 0.295136 0.659836 0.136903
 0.318871 0.6465 1.00148
 0.384347 0.561461 0.0412735
 0.360173 0.536936 0.165986
 0.623129 0.592453 0.0289432
 0.601267 0.553689 0.126041
 0.727525 0.581014 0.120379
 0.735136 0.568627 0.0138621
 0.934633 0.566448 0.0395304
 0.929267 0.676174 0.067992
 0.0670803 0.674274 0.120393
 0.0551639 0.789866 0.0748911
 0.104401 0.727466 0.00342822
 0.210297 0.79363 0.111438
 0.257118 0.737155 0.0318983
 0.374707 0.732546 0.0903878
 0.386926 0.805672 0.0023728
 0.453916 0.692648 0.998668
 0.575134 0.69055 0.038271
 0.552308 0.705287 0.147758
 0.656747 0.824611 0.110285
 0.578112 0.819035 0.0317205
 0.751108 0.688332 0.106332
 0.690579 0.730071 0.0148203
 0.815464 0.7815 0.13327
 0.874229 0.788149 0.0202906
 0.94813 0.788106 0.161673
 0.162338 0.982763 0.132747
 0.214651 0.89573 0.104996
 0.30899 0.938342 0.1145
 0.470309 0.832067 0.0641659
 0.427081 0.944257 0.085495
 0.610715 0.976035 0.0518466
 0.703628 0.84259 0.0136029
 0.740276 0.959513 0.0622881
 0.814407 0.887939 0.119332
 0.970653 0.850447 0.0396044
 0.926068 0.89246 0.129707
 0.165642 0.127871 0.184827
 0.219445 0.0401256 0.216963
 0.337574 0.025241 0.215581
 0.239592 0.0350302 0.328669
 0.435381 0.124874 0.274971
 0.506913 0.0624831 0.211348
 0.591932 0.0865744 0.271433
 0.827934 0.0726958 0.202653
 0.799522 0.129048 0.295667
 0.131189 0.257289 0.228107
 0.0552686 0.177509 0.232405
 0.00292556 0.315889 0.32662
 0.034278 0.336664 0.222522
 0.261733 0.184824 0.209644
 0.295013 0.22065 0.313403
 0.387435 0.243938 0.186034
 0.355347 0.326222 0.236323
 0.483363 0.216362 0.258025
 0.607127 0.239797 0.218075
 0.581204 0.300362 0.303202
 0.76071 0.214284 0.244351
 0.735782 0.295941 0.334902
 0.810522 0.322662 0.262194
 0.961863 0.184568 0.18663
 0.0643246 0.473177 0.259323
 0.252375 0.343101 0.285787
 0.165142 0.393978 0.256831
 0.262761 0.425619 0.163871
 0.440645 0.344324 0.310653
 0.375795 0.419756 0.191144
 0.515223 0.371444 0.240493
 0.594317 0.459504 0.228298
 0.755439 0.390778 0.189996
 0.703319 0.454173 0.266457
 0.885907 0.462811 0.178494
 0.850067 0.416763 0.267982
 0.0393847 0.623657 0.275882
 0.12639 0.590255 0.21337
 0.209339 0.488793 0.245464
 0.259271 0.629392 0.309441
 0.303528 0.525681 0.270924
 0.427867 0.506602 0.277179
 0.399664 0.626818 0.212736
 0.425025 0.605966 0.328111
 0.505562 0.515306 0.202507
 0.506717 0.627333 0.207189
 0.544667 0.616143 0.315404
 0.658721 0.589579 0.21184
 0.799151 0.50852 0.295179
 0.809233 0.541187 0.188529
 0.791468 0.632253 0.289899
 0.986971 0.605068 0.178015
 0.875791 0.64568 0.167601
 0.115675 0.780643 0.164001
 0.0801854 0.719471 0.248972
 0.163803 0.699678 0.297896
 0.187878 0.672919 0.178533
 0.237308 0.768321 0.301649
 0.271616 0.779016 0.19729
 0.476083 0.788282 0.158331
 0.382825 0.746064 0.209155
 0.329755 0.715623 0.311353
 0.445351 0.722146 0.327768
 0.671332 0.719762 0.169629
 0.704096 0.701635 0.27741
 0.754238 0.798547 0.305319
 0.893519 0.685875 0.258547
 0.836756 0.784206 0.235971
 0.134546 0.860819 0.271175
 0.0783473 0.991177 0.19353
 0.0751211 0.970379 0.299111
 0.993442 0.889526 0.281897
 0.251152 0.913364 0.308539
 0.318199 0.884203 0.211674
 0.338274 0.9954 0.322534
 0.469133 0.951482 0.18902
 0.406205 0.904942 0.270276
 0.617569 0.986798 0.304316
 0.640317 0.891736 0.197361
 0.533416 0.85968 0.218907
 0.724197 0.890967 0.264125
 0.801044 0.962521 0.218525
 0.974728 0.988501 0.171833
 0.834303 0.976576 0.326088
 0.107252 0.0743094 0.352398
 0.0513523 0.0148507 0.445675
 0.99125 0.126189 0.36968
 0.221512 0.129511 0.449186
 0.295681 0.126033 0.378124
 0.185475 0.994069 0.427554
 0.414036 0.110126 0.383061
 0.370833 0.0103786 0.473741
 0.445952 0.00833734 0.363597
 0.584531 0.112025 0.380871
 0.488064 0.00193889 0.461747
 0.67837 0.133396 0.424512
 0.769093 0.0779683 0.396588
 0.896372 0.0734456 0.337473
 0.85847 0.127694 0.433227
 0.967283 0.102052 0.474984
 0.137838 0.169994 0.387705
 0.068882 0.233881 0.441167
 0.164952 0.276986 0.337359
 0.225855 0.280731 0.423974
 0.340432 0.195258 0.466895
 0.363666 0.281268 0.384008
 0.474804 0.257492 0.360465
 0.501988 0.168375 0.434968
 0.577718 0.320112 0.408679
 0.636758 0.302001 0.49066
 0.70843 0.220403 0.487907
 0.805699 0.227106 0.448576
 0.87204 0.268246 0.364209
 0.955407 0.287637 0.482617
 0.971387 0.234274 0.3861
 0.100452 0.366551 0.341851
 0.0547161 0.464378 0.486675
 0.169011 0.368593 0.43808
 0.234661 0.422649 0.372097
 0.285148 0.35993 0.440601
 0.325641 0.491593 0.368455
 0.25841 0.475674 0.488845
 0.428673 0.437872 0.364226
 0.460911 0.342023 0.456107
 0.54489 0.424815 0.385869
 0.685926 0.394195 0.379636
 0.751559 0.345674 0.478505
 0.812934 0.368198 0.394862
 0.810497 0.478858 0.411233
 0.931838 0.406134 0.337234
 0.962663 0.395536 0.453769
 0.0796521 0.512792 0.385251
 0.0418036 0.616159 0.380567
 0.150176 0.633615 0.394286
 0.232855 0.559413 0.4186
 0.364408 0.589686 0.415935
 0.398225 0.502 0.475703
 0.664877 0.573134 0.327675
 0.573644 0.526788 0.368764
 0.740367 0.610016 0.408288
 0.748982 0.529743 0.487911
 0.975618 0.50415 0.341082
 0.886893 0.581853 0.378343
 0.953915 0.662607 0.456351
 0.835379 0.598974 0.489758
 0.0698403 0.798442 0.33748
 0.108845 0.805721 0.441052
 0.17077 0.723924 0.456476
 0.265819 0.689243 0.419595
 0.263672 0.788694 0.498915
 0.248407 0.831405 0.398509
 0.368992 0.674363 0.489481
 0.457892 0.74537 0.481437
 0.630177 0.679438 0.351381
 0.516267 0.762954 0.393799
 0.623028 0.74912 0.456278
 0.722046 0.706387 0.477542
 0.774933 0.786107 0.409435
 0.981589 0.719573 0.34079
 0.89399 0.793541 0.398027
 0.155012 0.895894 0.398612
 0.282819 0.956949 0.477006
 0.341172 0.894446 0.396242
 0.449114 0.870073 0.439726
 0.515032 0.858 0.327021
 0.581104 0.00718333 0.404413
 0.639123 0.849407 0.41615
 0.773972 0.966697 0.413717
 0.691925 0.924123 0.358257
 0.798134 0.875518 0.468371
 0.904192 0.901194 0.344492
 0.962899 0.952921 0.434863
 0.0879246 0.107964 0.575427
 0.113801 0.00151487 0.52787
 0.0334983 0.0708257 0.658986
 0.202813 0.135272 0.595105
 0.220843 0.044608 0.534731
 0.338058 0.0257528 0.617443
 0.399099 0.0908214 0.537759
 0.498902 0.12827 0.541348
 0.572607 0.0366323 0.553854
 0.682055 0.0651111 0.524653
 0.695074 0.156073 0.604186
 0.774449 0.00401967 0.515726
 0.858597 0.0852159 0.550663
 0.939871 0.0584243 0.625774
 0.0367938 0.199457 0.543336
 0.0203888 0.315378 0.569847
 0.118791 0.280934 0.667475
 0.241277 0.234191 0.518101
 0.21079 0.218494 0.668206
 0.283969 0.268391 0.608358
 0.491357 0.188146 0.636528
 0.424723 0.270631 0.625186
 0.398856 0.283681 0.5224
 0.593637 0.212386 0.658423
 0.590511 0.319097 0.608355
 0.694123 0.277595 0.60006
 0.791756 0.18074 0.575279
 0.860236 0.244714 0.627134
 0.860627 0.289133 0.530184
 0.952496 0.191136 0.615582
 0.0995298 0.36772 0.513556
 0.163821 0.351965 0.591945
 0.263488 0.405172 0.623623
 0.430321 0.38147 0.591486
 0.350518 0.40786 0.512391
 0.531447 0.373963 0.541461
 0.599444 0.463897 0.532862
 0.595252 0.482749 0.639573
 0.718462 0.440851 0.525457
 0.76003 0.35891 0.604214
 0.862717 0.364991 0.636144
 0.865855 0.401971 0.514635
 0.970564 0.414208 0.609582
 0.0296389 0.520585 0.594206
 0.118388 0.582981 0.533986
 0.0832893 0.666477 0.593307
 0.269203 0.619225 0.52633
 0.207432 0.528798 0.563259
 0.323288 0.519207 0.661849
 0.357308 0.56224 0.565031
 0.471698 0.635053 0.628565
 0.4734 0.628724 0.52187
 0.549313 0.550641 0.516449
 0.593943 0.651438 0.51208
 0.645123 0.658709 0.629577
 0.750749 0.556279 0.592772
 0.790251 0.667364 0.564099
 0.920831 0.518707 0.534704
 0.982469 0.61788 0.562426
 0.885851 0.603232 0.615162
 0.179535 0.702534 0.556827
 0.258872 0.834343 0.597271
 0.280096 0.73881 0.667194
 0.363978 0.685211 0.59953
 0.419537 0.776951 0.633876
 0.371863 0.810529 0.533028
 0.547029 0.775064 0.540256
 0.520108 0.783877 0.646503
 0.715681 0.765274 0.586134
 0.790385 0.829016 0.65494
 0.00255601 0.748508 0.572894
 0.879245 0.737588 0.578899
 0.882465 0.814444 0.510819
 0.0539257 0.834881 0.535236
 0.14612 0.882524 0.582145
 0.284443 0.945388 0.582947
 0.213664 0.97497 0.660897
 0.501702 0.960007 0.608145
 0.425911 0.920159 0.531493
 0.566209 0.879416 0.638561
 0.659313 0.922895 0.584976
 0.697025 0.865224 0.506587
 0.817185 0.938151 0.623813
 0.966077 0.888342 0.528038
 0.920709 0.943039 0.609306
 0.0657692 0.148895 0.735554
 0.111986 0.00628301 0.791373
 0.253115 0.0735807 0.668155
 0.291317 0.0797959 0.78282
 0.476094 0.110821 0.712893
 0.440555 0.0161076 0.678736
 0.397606 0.116879 0.786827
 0.561255 0.085955 0.773981
 0.605641 0.0299733 0.680906
 0.709684 0.0630466 0.662083
 0.749678 0.118812 0.739758
 0.865132 0.08124 0.708281
 0.923566 0.0542881 0.798298
 0.984032 0.160754 0.819581
 0.0101206 0.24156 0.710428
 0.202624 0.219388 0.776457
 0.256223 0.325996 0.718693
 0.383488 0.225087 0.803222
 0.357764 0.281714 0.71411
 0.503725 0.225144 0.775452
 0.610783 0.258448 0.76335
 0.700027 0.272092 0.707653
 0.772962 0.242442 0.774611
 0.847904 0.191571 0.717492
 0.909343 0.238237 0.795962
 0.976 0.325022 0.763795
 0.156226 0.331865 0.75253
 0.019682 0.4067 0.714676
 0.121256 0.418146 0.677523
 0.232584 0.496283 0.797137
 0.296995 0.416658 0.757426
 0.411676 0.378263 0.758216
 0.411726 0.448651 0.675338
 0.520187 0.343562 0.770263
 0.589885 0.389813 0.696534
 0.64976 0.362165 0.781543
 0.73796 0.417105 0.700122
 0.785849 0.35078 0.799365
 0.759019 0.482281 0.796075
 0.989734 0.478569 0.819583
 0.893646 0.393745 0.743159
 0.0679206 0.585945 0.681538
 0.15849 0.52578 0.661633
 0.0428418 0.633838 0.769249
 0.246906 0.57673 0.719446
 0.207119 0.642589 0.801108
 0.410067 0.592621 0.79908
 0.495364 0.52239 0.667613
 0.664966 0.552013 0.665894
 0.502125 0.543441 0.782339
 0.565152 0.635465 0.774644
 0.657293 0.582586 0.799394
 0.795806 0.521354 0.68769
 0.748368 0.601224 0.746129
 0.899966 0.509633 0.697803
 0.862219 0.65153 0.768488
 0.944653 0.579574 0.774188
 0.0777991 0.716946 0.705637
 0.0142672 0.804383 0.666151
 0.153037 0.811063 0.789014
 0.18853 0.729071 0.728721
 0.285739 0.813436 0.824203
 0.441171 0.672498 0.738768
 0.367395 0.76276 0.724873
 0.410017 0.79769 0.826416
 0.555294 0.689295 0.680919
 0.656471 0.755577 0.685104
 0.751511 0.719694 0.740162
 0.876852 0.751473 0.691043
 0.942532 0.815513 0.753605
 0.112248 0.981233 0.686649
 0.106006 0.861454 0.683496
 0.00525432 0.979488 0.789678
 0.312518 0.982066 0.819065
 0.241083 0.873635 0.700838
 0.230517 0.906318 0.798807
 0.364788 0.8781 0.704206
 0.40527 0.952903 0.77247
 0.561681 0.932342 0.73065
 0.623388 0.835844 0.760164
 0.783627 0.997549 0.708119
 0.738372 0.868944 0.777379
 0.778846 0.96409 0.840592
 0.979674 0.926006 0.692147
 0.864208 0.888283 0.844513
 0.114647 0.1142 0.837742
 0.0185307 0.0381 0.963428
 0.0813736 0.125835 0.968212
 0.25305 0.0157272 0.906049
 0.22511 0.14143 0.848413
 0.316005 0.00786908 0.983829
 0.418462 0.00586853 0.92765
 0.426956 0.108255 0.889364
 0.370522 0.162704 0.967082
 0.535294 0.114794 0.88557
 0.653869 0.0738081 0.891456
 0.820119 0.0839302 0.961918
 0.747222 0.077222 0.837449
 0.908252 0.0426254 0.911334
 0.938619 0.147992 0.953862
 0.111878 0.302152 0.855106
 0.01023 0.315936 0.868294
 0.0211154 0.195988 0.916688
 0.221417 0.31062 0.905335
 0.27099 0.210398 0.936956
 0.39582 0.255628 0.912267
 0.500258 0.296661 0.934041
 0.610478 0.189606 0.845153
 0.549089 0.198562 0.963681
 0.632389 0.256155 0.00908542
 0.64485 0.304409 0.891555
 0.777679 0.204387 0.961165
 0.721139 0.2374 0.873719
 0.815615 0.322893 0.9213
 0.877646 0.234081 0.994975
 0.905077 0.270595 0.898502
 0.086812 0.489633 0.937843
 0.00583297 0.408977 0.904348
 0.157657 0.339262 0.0068045
 0.286278 0.395207 0.867968
 0.323131 0.481806 0.93299
 0.389362 0.376713 0.870057
 0.348942 0.328319 0.97545
 0.419008 0.484464 0.86451
 0.555621 0.343514 0.863391
 0.583486 0.504244 0.851775
 0.690432 0.411182 0.959624
 0.670033 0.442101 0.854226
 0.86586 0.43447 0.941147
 0.939211 0.365571 0.980956
 0.860168 0.498708 0.848187
 0.101684 0.643247 0.880999
 0.153718 0.544559 0.871871
 0.0256871 0.575704 0.987161
 0.322685 0.539805 0.838851
 0.235247 0.550413 0.940601
 0.316809 0.639685 0.897064
 0.448681 0.53871 0.955909
 0.426538 0.632175 0.905685
 0.563558 0.521718 0.958564
 0.682447 0.648801 0.888563
 0.85097 0.577716 0.940659
 0.00888599 0.676523 0.957256
 0.107217 0.757184 0.871302
 0.183472 0.771634 0.947441
 0.246963 0.719924 0.868682
 0.496434 0.710399 0.865392
 0.585792 0.714301 0.913117
 0.598294 0.805786 0.864418
 0.773086 0.715134 0.852228
 0.766381 0.820746 0.870696
 0.873367 0.670044 0.8711
 0.997966 0.796414 0.855238
 0.927409 0.738548 0.935152
 0.131066 0.949891 0.970189
 0.0236646 0.930494 0.976791
 0.198917 0.871497 0.992749
 0.170934 0.960875 0.874052
 0.318887 0.897293 0.975742
 0.500179 0.853552 0.874508
 0.384219 0.911745 0.887371
 0.539591 0.00680964 0.926244
 0.502904 0.940841 0.820022
 0.512977 0.90054 0.971782
 0.650511 0.964333 0.92586
 0.747788 0.995944 0.940574
 0.680404 0.865374 0.905559
 0.803869 0.857617 0.972226
 0.887837 0.933376 0.950478
 0.975015 0.907918 0.87739
end atom_crystal

